ima_id	cube_start	vX0	vY0	vZ0	vo	vp	vk
K00097DC	517.257	-2.634637185	0.758752525	1.091635906	-0.298267781	-0.465364024	-0.032966725
K00098DC	522.247	-2.634637185	0.758752525	1.091635906	-0.298267781	-0.465364024	-0.032966725
K00099DC	527.247	-2.701190294	1.12245962	1.448757775	0.127756921	-0.157121565	0.042565181
K00100DC	532.247	-2.147875774	0.83816433	1.611515605	0.253831491	0.986007975	0.138324873
K00102DC	542.257	-3.215258356	1.318430326	1.477394761	-0.3057058	-0.327865277	-0.054999793
K00103DC	547.247	-2.851120201	1.097641729	1.197527219	-0.019966169	-0.067731157	0.084522995
K00104DC	552.247	-2.71199845	1.147246396	1.438219152	0.16765001	0.069851683	0.082584463
K00105DC	557.247	-2.866721718	1.239845336	1.500403437	0.293774269	0.082205121	0.052056448
K00106DC	562.247	-2.837020036	1.05272354	1.429855468	-0.187314686	0.066596521	0.038061936
K00107DC	567.247	-2.846126556	1.323831038	1.362923167	-0.175190549	-0.226488928	-0.110378928
K00108DC	572.247	-2.795209539	1.151575104	1.324330673	-0.146170341	0.004130145	0.04847484
K00109DC	577.257	-2.945513318	1.226664186	1.448079478	0.268321945	-0.092395016	0.090223494
K00110DC	582.247	-2.799264013	1.123569391	1.373001707	-0.033945819	0.977274673	4.394649519
K00111DC	587.247	-0.270734294	0.182566572	0.16934049	0.257399699	0.091669467	-41.10019655
K00112DC	592.247	2.581123274	-1.064937564	0.268889735	0.262652586	-0.135974119	0.007965229
K00113DC	597.247	3.583465884	-1.712309896	0.154822895	-0.199605187	-0.163145999	-0.026919252
K00114DC	602.247	3.449232135	-1.834518748	0.094695657	0.137637312	-0.107242781	0.014825285
K00115DC	607.247	3.448643365	-1.593539614	0.002604505	-0.107368829	0.166518831	-0.074914682
K00116DC	612.257	3.506928943	-1.792047862	0.012897063	0.197677669	-0.161721909	0.044926577
K00117DC	617.247	3.398562114	-1.675899531	0.060732625	-0.220961622	0.047886389	-0.072734194
K00118DC	622.247	3.29416624	-1.59635272	-0.129138528	0.093439959	-0.057300494	0.034164685
K00119DC	627.247	3.351189409	-1.578776916	0.045046048	-0.126261565	0.047258066	-0.018335001
K00120DC	632.247	3.482244117	-1.722658768	-0.031990383	0.13049894	0.064469285	-0.031611993
K00121DC	637.247	3.148867824	-1.518620294	0.031014012	-0.049368408	-0.145074055	0.017132835
K00122DC	642.247	3.322593305	-1.688997906	0.051846921	-0.074767545	0.119534336	0.011526631
K00123DC	647.267	3.498436362	-1.407960135	0.039454245	-0.159290383	0.042336619	0.022200163
K00124DC	652.257	3.295784845	-1.442065166	0.024696368	0.112912662	0.095896524	0.015532583
K00125DC	657.257	3.470876468	-1.650051286	0.039957684	0.037478595	0.015462027	-0.031166742
K00126DC	662.257	3.507910093	-1.767519196	-0.033441766	0.088799721	-0.128924548	0.007593255
K00127DC	667.257	3.27936224	-1.663782032	-0.061457935	0.00507073	-0.003882599	-0.051283881
K00128DC	672.257	2.553254391	-0.923437912	0.052658195	-1.635987116	-0.19881211	18.46578024
K00129DC	677.257	1.407991613	2.675166736	0.0140841	0.818029747	0.427355373	-0.228116976
K00130DC	682.27	1.262908523	3.277169783	-0.047633243	1.144587659	-1.767262624	15.39884726
K00131DC	687.267	-1.762217114	1.632562065	-0.074016868	-0.508603664	0.456886348	2.547631322
K00132DC	692.267	-3.185955868	1.555339236	0.002359858	-0.218409863	0.611152517	-0.023575878
K00133DC	697.267	-3.302433523	1.616636286	-0.024442881	0.110499891	-0.084047988	-0.022502181
K00134DC	702.267	-3.374464597	1.427026462	-0.032945163	0.100016485	-0.078328084	0.011283466
K00135DC	707.267	-3.587813369	1.439864882	0.090026331	0.085265158	-0.04124233	-0.004247005
K00136DC	712.267	-3.193990617	1.892632246	-0.039070052	-0.082408181	0.227759277	-0.038015761
K00137DC	717.277	-3.247602035	1.601531521	-0.015350309	-0.182448023	-0.022452476	-0.086802829
K00138DC	722.267	-2.788958553	1.577237397	-0.039936542	0.207628067	0.150198078	2.23751E-05
K00139DC	727.267	-3.416708069	1.701267896	0.022298787	0.04047825	0.289780569	0.010151513
K00140DC	732.267	-3.416844289	1.661496514	-0.020193149	-0.015500767	-0.226721804	-0.133093853
K00141DC	737.267	-3.158762161	1.62605194	-0.217789962	0.068743922	-0.329405511	0.062587211
K00142DC	742.267	-3.28436426	1.608792746	0.063920324	-0.009944754	0.022111755	0.022265107
K00143DC	747.267	-3.383789248	1.41762301	0.013966517	-0.526610994	0.29018311	-0.082900611
K00144DC	752.267	-3.188091707	1.747249828	0.086156982	0.640366864	-0.191183598	0.055120877
K00145DC	757.277	-3.398881976	1.547179864	0.00725798	-0.321636696	-0.146203537	0.011648764
K00146DC	762.267	-3.362846585	1.579014389	-0.043948762	0.24630631	0.038432514	0.041320185
K00147DC	767.267	-2.143051522	1.405007496	-0.119225702	-0.372736319	1.092807825	-21.89328538
K00148DC	772.267	1.511695221	1.918739652	0.089760616	0.020180533	-0.208139967	0.002827699
K00149DC	777.267	2.527816647	2.624684472	0.101844266	-0.246733343	-0.184731668	-0.089736175
K00150DC	782.267	2.759987096	0.41133081	0.006803333	1.243873401	-0.083053733	-14.32873048
K00151DC	787.267	3.092386334	-1.16883208	0.220321695	-0.179072802	0.284900635	0.006847176
K00152DC	792.267	3.41691716	-1.848354276	0.01644138	-0.299404396	0.050660263	0.073628036
K00153DC	797.267	3.490939682	-1.562495802	-0.148384274	0.304206152	0.161076227	0.024369681
K00154DC	802.267	3.678082784	-1.46987882	0.099573157	-0.18375363	-0.220935409	0.041634185
K00155DC	807.267	3.469088392	-1.664056	0.052179251	-0.010986959	0.037396016	-0.009561132
K00156DC	812.267	3.30569724	-1.527204458	-0.000606046	-0.044130592	-0.000392159	-0.035197108
K00157DC	817.267	3.353390309	-1.729853772	0.023980658	-0.068730781	-0.074250151	0.012292053
K00158DC	822.267	3.354682719	-1.627320148	-0.007677387	0.124565178	0.018942033	0.000218725
K00159DC	827.267	3.52511904	-1.853460184	-0.119205196	0.224222566	-0.204305793	0.042351531
K00160DC	832.267	3.550801697	-2.001905448	0.105892564	-0.244961201	0.256786594	0.025447225
K00161DC	837.28	3.396095526	-1.615035294	0.072875873	-0.177418591	0.023341069	0.124874317
K00162DC	842.284	3.373671489	-1.712786225	-0.007627754	0.439810823	0.005933557	-0.067247906
K00163DC	847.284	3.281563734	-1.670546462	-0.053365131	0.165661718	0.234927632	-0.025655895
K00164DC	852.284	3.27895677	-1.79892284	-0.149008124	-0.214626215	0.211458239	0.030871353
K00165DC	857.284	2.474369183	-1.230412324	-0.095175609	-1.202064028	-1.13608388	25.57280901
K00166DC	862.284	-0.211312884	1.800181956	0.1299031	0.440076181	-0.032799917	-0.109705764
K00167DC	867.284	-0.989354463	3.754655668	-0.181877309	0.119784211	0.486781053	-0.180044704
K00168DC	872.294	-0.360498508	1.607519335	-0.013294512	0.998390593	-0.292949157	28.71025379
K00169DC	877.284	-0.837775251	-2.00117295	0.15095322	0.118889765	-0.289139268	-0.039488017
K00170DC	882.284	-1.597914544	-3.494613854	-0.111585871	-0.179963239	-0.033505107	0.038211976
K00171DC	887.284	-1.54582276	-3.415492002	-0.018010761	0.009424073	-0.020758381	-0.018638346
K00172DC	892.284	-1.596532688	-3.455464914	-0.077717636	-0.059936441	0.148911052	0.101654197
K00173DC	897.286	-1.690223356	-3.471870446	-0.059045463	0.021557847	0.033120038	0.158275557
K00174DC	902.286	-1.660362949	-3.458884822	0.068558067	-0.375502332	0.069316987	-0.008213886
K00175DC	907.286	-1.620386655	-3.428450976	0.010403238	0.351228706	0.020635533	0.058727656
K00176DC	912.296	-1.627117569	-2.530314	0.029786199	-1.378192105	-0.494718263	-18.33348877
K00177DC	917.286	-2.971884297	0.938408407	-0.413619252	0.295125556	0.400082286	0.254724478
K00178DC	922.286	-3.479853792	2.01552956	0.219303333	-0.197306639	1.65178585	-12.78537164
K00179DC	927.286	0.264176617	2.645097332	0.302220186	-0.084630405	-0.576121217	-5.414045846
K00180DC	932.286	1.773027966	3.440354244	-0.100227823	0.000721447	-0.163423474	-0.240841414
K00181DC	937.286	1.368820564	3.029456442	0.128529092	-0.311285199	-0.429923021	-0.124802952
K00182DC	942.286	2.106007555	3.540554468	0.097628442	0.29395459	0.264375317	-0.112406699
K00183DC	947.286	1.496332258	3.116911542	-0.081147849	-0.257538998	0.011112108	-0.059372951
K00184DC	952.286	1.736275282	3.347174558	-0.013738661	-0.080619312	0.050486882	-0.163960099
K00185DC	1053.718	-0.662376904	0.404683482	-0.004620119	0.009775857	-0.017331409	0.007023486
K00186DC	1058.718	1.641054669	3.40065733	0.080764991	-0.142174946	-0.172984124	-0.133653192
K00187DC	1063.708	-0.238005009	2.245663232	-0.007253025	0.679718522	-0.621211344	18.83525826
K00188DC	1068.708	-2.73960871	1.231086638	-0.108095794	-0.779822174	-0.171974598	0.087489945
K00189DC	1073.708	-3.194378568	0.427727202	-0.220052915	0.673181807	1.172360871	17.78662127
K00190DC	1078.715	-1.646366918	-2.443344775	-0.102283065	0.490323476	-0.684000294	0.107430358
K00191DC	1083.715	-1.437682936	-3.376524454	0.084998329	-0.538682606	-0.052785638	0.043167443
K00192DC	1088.722	-1.798605643	-3.930274542	0.029592895	0.15788395	0.184250664	0.071049008
K00193DC	1093.722	-1.785358335	-3.312301514	0.002759071	0.433339155	-0.213316991	-0.053199219
K00194DC	1098.722	-1.846507184	-3.69436521	0.015265673	0.002992362	0.030373575	-0.076546512
K00195DC	1103.722	-1.552660276	-3.407481102	-0.0814164	0.131184453	-0.284125886	0.004725191
K00196DC	1108.732	-1.698616723	-3.116362824	-0.223277607	-2.598013144	1.452015831	-8.383202835
K00197DC	1113.722	-1.97139895	-0.215443036	0.233677706	1.215257024	-1.65323993	-9.797323314
K00198DC	1118.729	-3.186878947	1.49213434	0.050758559	0.517619778	-0.506862109	0.267502729
K00199DC	1123.736	-1.790389053	1.64945598	0.167089445	-0.359212541	1.7536817	-17.90432187
K00200DC	1128.736	1.122280393	2.76891166	0.104498742	-0.114047261	-0.124200258	-0.224367944
K00201DC	1133.736	1.784501171	3.38683038	-0.035195485	-0.117853943	-0.056976513	-0.254402085
K00202DC	1138.743	1.727251723	3.680347463	0.058393863	0.110858145	-0.149985366	-0.217383904
K00203DC	1143.75	1.720905517	3.708836072	0.031619562	0.149032951	-0.194514747	-0.048752959
K00204DC	1148.75	1.920767976	3.759950748	0.037287902	0.023239348	0.136639303	0.030153391
K00205DC	1153.757	1.691434769	3.429168344	-0.073631289	-0.059652174	0.037833338	-0.000165929
K00206DC	1158.774	1.166690797	3.138085804	-0.163062076	0.802357053	-1.745780332	18.63173105
K00207DC	1163.764	-1.860672127	1.384828475	-0.090510088	-0.268633135	0.774830128	-0.001304734
K00208DC	1168.771	-3.739474104	1.22088427	-0.148465329	0.672648815	1.188604169	2.49299617
K00209DC	1173.778	-2.358833019	-1.260065354	-0.360745635	0.652590503	-0.691932542	15.32865943
K00210DC	1178.778	-1.434605273	-3.168288198	0.018856175	-0.518959309	-0.56230525	-0.009150967
K00211DC	1183.785	-1.681917878	-3.584056992	-0.051138479	-0.038265642	0.096337235	0.046272096
K00212DC	1188.792	-1.785412541	-3.569376976	-0.016672246	0.228360508	0.114484169	0.054837526
K00213DC	1193.792	-1.571250831	-3.69648357	0.204148753	0.164391074	-0.149273956	0.115189686
K00214DC	1198.798	-1.716926378	-3.545034381	0.065478335	-0.109046088	0.188784345	0.118375207
K00215DC	1203.798	-1.87365342	-3.638887628	0.00364608	-0.114514079	0.052869485	0.096775747
K00216DC	1208.808	-2.060533327	-0.983345523	0.008486316	-1.361248985	-0.697359935	-18.26058463
K00217DC	1213.798	-2.942210739	1.703321569	-0.083176699	0.844375927	0.512998587	0.208531941
K00218DC	1218.798	-2.369713768	1.82351675	-0.095305911	-0.723020482	0.650770725	-18.40567504
K00219DC	1223.798	0.861109324	2.596753146	-0.045744157	-0.573929153	0.6065019	0.114132484
K00220DC	1228.798	1.783715358	3.26919773	0.183227922	0.214712119	-0.361611759	-0.324232943
K00221DC	1233.805	1.761043711	3.712225346	0.075391476	0.557903181	0.426715546	-0.163908264
K00222DC	1238.805	1.75144248	3.466943064	0.080551385	-0.248596487	-0.522897239	-0.095406832
K00223DC	1243.812	1.5933686	3.28771561	0.070800548	1.565006084	-0.301622995	0.020093985
K00224DC	1248.819	1.666755184	-0.56907585	0.062518826	-0.160323969	0.502831189	0.060955239
K00225DC	1253.819	2.778990913	-2.380604264	0.081920681	-0.314293632	-0.061298124	0.008162095
K00226DC	1258.826	3.095633312	-2.424265113	0.098417618	-0.021495861	-0.06101993	-0.030324699
K00227DC	1263.826	3.280457801	-2.626447308	0.015298834	0.086410678	-0.008872816	0.005758279
K00228DC	1268.826	3.123318797	-2.489838426	0.032094067	-0.097218037	0.179151195	0.024956909
K00229DC	1273.832	3.184140317	-2.475362921	-0.036608544	0.143321133	-0.126664387	0.018799655
K00230DC	1278.849	2.737063747	-2.426383671	-0.036849724	0.235046683	0.059047016	0.002842033
K00231DC	1283.839	2.963131826	-2.674338315	0.017764663	-0.035616193	0.027924108	-0.059518647
K00232DC	1288.839	2.953601568	-2.337027948	-0.006463743	-0.198659896	-0.169627308	0.018237876
K00233DC	1293.846	3.187354081	-2.469854705	0.012859534	-0.018962542	0.150780125	-0.004357465
K00234DC	1298.853	1.571029379	-1.797584526	-0.076244391	-0.335340514	-0.742375082	0.156496418
K00235DC	1303.853	0.054107406	-0.076559906	-0.694207529	0.46742781	0.265846699	-0.043395182
K00236DC	1308.853	-0.271437356	-0.055246926	-1.555030511	-0.538590396	-0.021949017	-0.014980831
K00237DC	1313.86	0.159535308	-0.001797825	-1.428324608	-0.40879126	0.070401004	0.077337913
K00238DC	1318.86	0.108501507	0.168832508	-1.495606162	-0.018734136	0.032093156	-0.064568956
K00239DC	1323.867	0.082111331	-0.225450843	-1.630163118	0.152391552	0.246565685	0.070820656
K00240DC	1328.872	0.120508263	0.163053626	-1.607505955	0.74187378	-0.490550306	-0.194878695
K00241DC	1333.872	-0.024941032	-0.010787068	-1.394899883	-0.387960473	0.190027504	0.048358121
K00242DC	1338.879	0.028502084	0.059892183	-1.548388258	-0.413616046	0.133492667	-0.184701738
K00243DC	1343.887	-0.065588123	0.059114643	-1.415308627	-0.084042232	0.054058975	-0.013782701
K00244DC	1348.887	0.001835374	0.14695799	-1.540769657	0.007622816	0.011388498	0.006543551
K00245DC	1353.887	-0.112758249	0.0691944	-1.673409319	-0.319209569	-0.25935522	-0.065627983
K00246DC	1358.895	-0.0410598	0.042572316	-1.507871214	0.269168642	0.134747593	0.052858661
K00247DC	1363.895	0.049086669	-0.000747562	-1.466536372	-0.177918086	-0.037830402	-0.080418307
