id	band	time	status	X0	Y0	X0	omega	phi	kappa
K00097DC	1	517.257	adjusted	457919.2423	7553595.777	491.72468	-1.384012762	-2.715398904	68.83193594
K00098DC	1	522.247	adjusted	457906.0955	7553599.563	497.1719432	-2.87236899	-5.037565382	68.66743198
K00099DC	1	527.247	adjusted	457892.5895	7553605.175	504.415732	-2.233584385	-5.823173204	68.88025789
K00100DC	1	532.247	adjusted	457881.8502	7553609.366	512.4733101	-0.96442693	-0.893133327	69.57188226
K00102DC	1	542.257	adjusted	457849.6654	7553622.563	527.2620316	-4.024541986	-4.175064751	69.02133433
K00103DC	1	547.247	adjusted	457835.4383	7553628.041	533.2376924	-4.124173171	-4.513043224	69.44310407
K00104DC	1	552.247	adjusted	457821.8784	7553633.777	540.4287882	-3.285923122	-4.16378481	69.85602639
K00105DC	1	557.247	adjusted	457807.5447	7553639.976	547.9308054	-1.817051775	-3.752759207	70.11630863
K00106DC	1	562.247	adjusted	457793.3596	7553645.24	555.0800827	-2.753625208	-3.419776602	70.30661831
K00107DC	1	567.247	adjusted	457779.129	7553651.859	561.8946986	-3.629577954	-4.552221243	69.75472367
K00108DC	1	572.247	adjusted	457765.153	7553657.617	568.5163519	-4.360429658	-4.531570516	69.99709787
K00109DC	1	577.257	adjusted	457750.3959	7553663.762	575.7712301	-3.016136711	-4.994469545	70.44911757
K00110DC	1	582.247	adjusted	457736.4276	7553669.369	582.6225086	-3.185526347	-0.117868926	92.37841867
K00111DC	1	587.247	adjusted	457735.0739	7553670.282	583.4692111	-1.898527851	0.340478411	-113.1225641
K00112DC	1	592.247	adjusted	457747.9796	7553664.957	584.8136598	-0.58526492	-0.339392184	-113.0827379
K00113DC	1	597.247	adjusted	457765.8969	7553656.395	585.5877742	-1.583290853	-1.155122179	-113.2173342
K00114DC	1	602.247	adjusted	457783.143	7553647.223	586.0612525	-0.895104291	-1.691336082	-113.1432078
K00115DC	1	607.247	adjusted	457800.3863	7553639.255	586.074275	-1.431948438	-0.858741926	-113.5177812
K00116DC	1	612.257	adjusted	457817.956	7553630.277	586.1388893	-0.441583317	-1.668968692	-113.292699
K00117DC	1	617.247	adjusted	457834.9148	7553621.914	586.4419451	-1.544181809	-1.430015611	-113.6556427
K00118DC	1	622.247	adjusted	457851.3856	7553613.933	585.7962525	-1.076982016	-1.716518083	-113.4848192
K00119DC	1	627.247	adjusted	457868.1416	7553606.039	586.0214827	-1.708289839	-1.480227752	-113.5764942
K00120DC	1	632.247	adjusted	457885.5528	7553597.425	585.8615308	-1.055795136	-1.157881329	-113.7345542
K00121DC	1	637.247	adjusted	457901.2971	7553589.832	586.0166009	-1.302637175	-1.883251602	-113.64889
K00122DC	1	642.247	adjusted	457917.9101	7553581.387	586.2758355	-1.676474901	-1.285579924	-113.5912569
K00123DC	1	647.267	adjusted	457935.4723	7553574.319	586.4738958	-2.476112626	-1.073050095	-113.4798121
K00124DC	1	652.257	adjusted	457951.9182	7553567.123	586.5971307	-1.912678442	-0.59452644	-113.4023045
K00125DC	1	657.257	adjusted	457969.2726	7553558.873	586.7969191	-1.725285467	-0.517216305	-113.5581382
K00126DC	1	662.257	adjusted	457986.8122	7553550.036	586.6297103	-1.281286861	-1.161839047	-113.5201719
K00127DC	1	667.257	adjusted	458003.209	7553541.717	586.3224206	-1.255933208	-1.18125204	-113.7765913
K00128DC	1	672.257	adjusted	458015.9752	7553537.099	586.5857116	-9.435868786	-2.17531259	-21.44769009
K00129DC	1	677.257	adjusted	458023.0152	7553550.475	586.656132	-5.345720053	-0.038535728	-22.58827497
K00130DC	1	682.27	adjusted	458029.3462	7553566.904	586.4173466	0.392097882	-8.897823262	54.60614635
K00131DC	1	687.267	adjusted	458020.5404	7553575.062	586.0474843	-2.149394628	-6.614762179	67.33666007
K00132DC	1	692.267	adjusted	458004.6106	7553582.838	586.0592836	-3.241443942	-3.558999595	67.21878068
K00133DC	1	697.267	adjusted	457988.0984	7553590.921	585.9370692	-2.688944487	-3.979239535	67.10626977
K00134DC	1	702.267	adjusted	457971.2261	7553598.057	585.7723434	-2.188862063	-4.370879958	67.1626871
K00135DC	1	707.267	adjusted	457953.287	7553605.256	586.222475	-1.762536275	-4.577091606	67.14145208
K00136DC	1	712.267	adjusted	457937.3171	7553614.719	586.0271248	-2.174577181	-3.438295221	66.95137327
K00137DC	1	717.277	adjusted	457921.0466	7553622.743	585.9502197	-3.088641775	-3.550782125	66.5164911
K00138DC	1	722.267	adjusted	457907.1297	7553630.613	585.7509364	-2.052577719	-2.801293714	66.51660275
K00139DC	1	727.267	adjusted	457890.0461	7553639.12	585.8624303	-1.850186467	-1.352390869	66.56736031
K00140DC	1	732.267	adjusted	457872.9619	7553647.427	585.7614646	-1.9276903	-2.48599989	65.90189105
K00141DC	1	737.267	adjusted	457857.1681	7553655.557	584.6725148	-1.583970692	-4.133027443	66.21482711
K00142DC	1	742.267	adjusted	457840.7463	7553663.601	584.9921164	-1.633694459	-4.022468668	66.32615264
K00143DC	1	747.267	adjusted	457823.8273	7553670.689	585.061949	-4.266749431	-2.571553116	65.91164959
K00144DC	1	752.267	adjusted	457807.8869	7553679.426	585.4927339	-1.064915112	-3.527471104	66.18725397
K00145DC	1	757.277	adjusted	457790.8585	7553687.177	585.5290964	-2.676314958	-4.259950825	66.24561428
K00146DC	1	762.267	adjusted	457774.0779	7553695.056	585.309792	-1.447246472	-4.068172578	66.451802
K00147DC	1	767.267	adjusted	457763.3626	7553702.081	584.7136635	-3.310928068	1.395866545	-43.01462491
K00148DC	1	772.267	adjusted	457770.9211	7553711.675	585.1624666	-3.210025402	0.355166712	-43.00048641
K00149DC	1	777.267	adjusted	457783.5602	7553724.798	585.6716879	-4.443692119	-0.56849163	-43.44916729
K00150DC	1	782.267	adjusted	457797.3601	7553726.855	585.7057046	1.775674884	-0.983760296	-115.0928197
K00151DC	1	787.267	adjusted	457812.822	7553721.011	586.8073131	0.880310876	0.440742878	-115.0585838
K00152DC	1	792.267	adjusted	457829.9066	7553711.769	586.88952	-0.616711102	0.69404419	-114.6904436
K00153DC	1	797.267	adjusted	457847.3613	7553703.957	586.1475986	0.904319656	1.499425323	-114.5685952
K00154DC	1	802.267	adjusted	457865.7517	7553696.607	586.6454644	-0.014448494	0.394748278	-114.3604243
K00155DC	1	807.267	adjusted	457883.0972	7553688.287	586.9063606	-0.069383288	0.581728357	-114.4082299
K00156DC	1	812.267	adjusted	457899.6257	7553680.651	586.9033304	-0.290036249	0.57976756	-114.5842155
K00157DC	1	817.267	adjusted	457916.3926	7553672.002	587.0232337	-0.633690155	0.208516805	-114.5227552
K00158DC	1	822.267	adjusted	457933.166	7553663.865	586.9848468	-0.010864266	0.303226967	-114.5216616
K00159DC	1	827.267	adjusted	457950.7916	7553654.598	586.3888208	1.110248565	-0.718301999	-114.3099039
K00160DC	1	832.267	adjusted	457968.5456	7553644.588	586.9182836	-0.114557441	0.565630973	-114.1826678
K00161DC	1	837.28	adjusted	457985.5703	7553636.492	587.2836104	-1.003956838	0.68263975	-113.5566728
K00162DC	1	842.284	adjusted	458002.4521	7553627.921	587.2454411	1.196856519	0.712331271	-113.8931814
K00163DC	1	847.284	adjusted	458018.8599	7553619.569	586.9786154	2.025165108	1.886969432	-114.0214608
K00164DC	1	852.284	adjusted	458035.2547	7553610.574	586.2335748	0.952034034	2.944260626	-113.8671041
K00165DC	1	857.284	adjusted	458047.6266	7553604.422	585.7576968	-5.058286106	-2.736158772	13.99694099
K00166DC	1	862.284	adjusted	458046.57	7553613.423	586.4072123	-2.857905201	-2.900158357	13.44841217
K00167DC	1	867.284	adjusted	458041.6232	7553632.196	585.4978257	-2.258984144	-0.46625309	12.54818865
K00168DC	1	872.294	adjusted	458039.8171	7553640.25	585.4312202	2.742952728	-1.933928367	156.3865601
K00169DC	1	877.284	adjusted	458035.6366	7553630.264	586.1844768	3.336212658	-3.376733316	156.1895149
K00170DC	1	882.284	adjusted	458027.6471	7553612.791	585.6265474	2.436396461	-3.544258853	156.3805748
K00171DC	1	887.284	adjusted	458019.918	7553595.713	585.5364936	2.483516824	-3.648050757	156.2873831
K00172DC	1	892.284	adjusted	458011.9353	7553578.436	585.1479054	2.18383462	-2.903495495	156.795654
K00173DC	1	897.286	adjusted	458003.4808	7553561.07	584.85256	2.29166697	-2.737829064	157.5873484
K00174DC	1	902.286	adjusted	457995.179	7553543.775	585.1953504	0.414155309	-2.391244128	157.546279
K00175DC	1	907.286	adjusted	457987.077	7553526.633	585.2473666	2.170298837	-2.288066461	157.8399172
K00176DC	1	912.296	adjusted	457978.9252	7553513.956	585.3965954	-4.734443609	-4.766604959	65.98913849
K00177DC	1	917.286	adjusted	457964.0955	7553518.639	583.3326353	-3.261767087	-2.77019435	67.26021364
K00178DC	1	922.286	adjusted	457946.6962	7553528.717	584.429152	-4.248300282	5.488734899	3.333355453
K00179DC	1	927.286	adjusted	457948.0171	7553541.942	585.9402529	-4.671452306	2.608128812	-23.73687378
K00180DC	1	932.286	adjusted	457956.8822	7553559.144	585.4391138	-4.667845071	1.791011441	-24.94108085
K00181DC	1	937.286	adjusted	457963.7263	7553574.291	586.0817593	-6.224271065	-0.358603665	-25.56509561
K00182DC	1	942.286	adjusted	457974.2564	7553591.994	586.5699015	-4.754498115	0.963272918	-26.1271291
K00183DC	1	947.286	adjusted	457981.738	7553607.578	586.1641622	-6.042193104	1.018833459	-26.42399386
K00184DC	1	952.286	adjusted	457990.4194	7553624.314	586.0954689	-6.445289667	1.271267868	-27.24379435
K00185DC	1	1053.718	adjusted	457923.2332	7553665.362	585.626841	-5.453704945	-0.486691596	-26.53138813
K00186DC	1	1058.718	adjusted	457931.4385	7553682.365	586.0306659	-6.164579673	-1.351612217	-27.19965409
K00187DC	1	1063.708	adjusted	457930.2508	7553693.571	585.9944733	-2.772784247	-4.451456825	66.78828463
K00188DC	1	1068.708	adjusted	457916.5528	7553699.727	585.4539944	-6.671895119	-5.311329815	67.22573435
K00189DC	1	1073.708	adjusted	457900.5809	7553701.865	584.3537298	-3.305986084	0.550474539	156.1588407
K00190DC	1	1078.715	adjusted	457892.3375	7553689.632	583.8415985	-0.850936439	-2.874314931	156.6967445
K00191DC	1	1083.715	adjusted	457885.1491	7553672.749	584.2665901	-3.544349467	-3.138243122	156.9125817
K00192DC	1	1088.722	adjusted	457876.1435	7553653.07	584.4147618	-2.753824528	-2.21570005	157.2683241
K00193DC	1	1093.722	adjusted	457867.2167	7553636.508	584.4285571	-0.587128753	-3.282285006	157.002328
K00194DC	1	1098.722	adjusted	457857.9842	7553618.037	584.5048855	-0.572166941	-3.13041713	156.6195955
K00195DC	1	1103.722	adjusted	457850.2209	7553600.999	584.0978035	0.083755324	-4.551046559	156.6432214
K00196DC	1	1108.732	adjusted	457841.7108	7553585.386	582.9791827	-12.93229053	2.723552753	114.6433752
K00197DC	1	1113.722	adjusted	457831.8735	7553584.311	584.1452344	-6.868157981	-5.526114497	65.75473187
K00198DC	1	1118.729	adjusted	457815.9168	7553591.782	584.3993825	-4.276435752	-8.063973079	67.09411803
K00199DC	1	1123.736	adjusted	457806.9523	7553600.041	585.2359994	-6.075012945	0.716711191	-22.55282156
K00200DC	1	1128.736	adjusted	457812.5637	7553613.886	585.7584931	-6.64524925	0.095709901	-23.67466128
K00201DC	1	1133.736	adjusted	457821.4862	7553630.82	585.5825157	-7.234518966	-0.189172665	-24.94667171
K00202DC	1	1138.743	adjusted	457830.1346	7553649.247	585.8748937	-6.679452232	-0.940149392	-26.03511291
K00203DC	1	1143.75	adjusted	457838.7512	7553667.818	586.0332129	-5.933244245	-1.914084728	-26.27921898
K00204DC	1	1148.75	adjusted	457848.355	7553686.617	586.2196524	-5.817047504	-1.230888212	-26.12845202
K00205DC	1	1153.757	adjusted	457856.824	7553703.787	585.8509805	-6.115725939	-1.041456687	-26.12928283
K00206DC	1	1158.774	adjusted	457862.6773	7553719.531	585.0328981	-2.090300602	-9.800036612	67.34611183
K00207DC	1	1163.764	adjusted	457853.3926	7553726.441	584.5812528	-3.430779947	-5.933634275	67.33960121
K00208DC	1	1168.771	adjusted	457834.669	7553732.554	583.8378869	-0.062827329	0.017706799	79.82203303
K00209DC	1	1173.778	adjusted	457822.8583	7553726.245	582.0316335	3.204693319	-3.446799438	156.5726308
K00210DC	1	1178.778	adjusted	457815.6853	7553710.404	582.1259143	0.609896774	-6.258325689	156.5268759
K00211DC	1	1183.785	adjusted	457807.2639	7553692.458	581.869864	0.418300704	-5.775965152	156.7585603
K00212DC	1	1188.792	adjusted	457798.3244	7553674.586	581.786386	1.561701769	-5.20274292	157.0331318
K00213DC	1	1193.792	adjusted	457790.4681	7553656.104	582.8071298	2.383657138	-5.949112699	157.6090802
K00214DC	1	1198.798	adjusted	457781.8732	7553638.357	583.1349144	1.837772421	-5.00405827	158.2016665
K00215DC	1	1203.798	adjusted	457772.5049	7553620.163	583.1531448	1.265202024	-4.739710844	158.6855453
K00216DC	1	1208.808	adjusted	457762.1817	7553615.236	583.1956612	-5.554655392	-8.233484116	67.20001626
K00217DC	1	1213.798	adjusted	457747.5	7553623.736	582.7806095	-1.341219515	-5.673621168	68.24059065
K00218DC	1	1218.798	adjusted	457735.6515	7553632.854	582.3040799	-4.956321926	-2.419767545	-23.78778457
K00219DC	1	1223.798	adjusted	457739.957	7553645.837	582.0753591	-7.825967689	0.612741958	-23.21712215
K00220DC	1	1228.798	adjusted	457748.8756	7553662.183	582.9914987	-6.752407096	-1.195316836	-24.83828687
K00221DC	1	1233.805	adjusted	457757.6931	7553680.77	583.3689839	-3.958985867	0.941247904	-25.65897554
K00222DC	1	1238.805	adjusted	457766.4503	7553698.105	583.7717408	-5.2019683	-1.673238292	-26.1360097
K00223DC	1	1243.812	adjusted	457774.4283	7553714.567	584.1262391	2.634017164	-3.183464629	-26.03539912
K00224DC	1	1248.819	adjusted	457782.7738	7553711.717	584.4392709	1.831275053	-0.665788865	-25.73019624
K00225DC	1	1253.819	adjusted	457796.6687	7553699.814	584.8488743	0.259806893	-0.972279483	-25.68938577
K00226DC	1	1258.826	adjusted	457812.1686	7553687.676	585.3416513	0.152177117	-1.277806273	-25.84122154
K00227DC	1	1263.826	adjusted	457828.5709	7553674.544	585.4181455	0.584230507	-1.322170352	-25.81243014
K00228DC	1	1268.826	adjusted	457844.1875	7553662.095	585.5786158	0.098140323	-0.426414379	-25.6876456
K00229DC	1	1273.832	adjusted	457860.1273	7553649.703	585.3953534	0.815605913	-1.060496298	-25.59353452
K00230DC	1	1278.849	adjusted	457873.8591	7553637.53	585.2104784	1.994835123	-0.76425742	-25.57927604
K00231DC	1	1283.839	adjusted	457888.6451	7553624.185	585.299124	1.817110321	-0.624916121	-25.8762741
K00232DC	1	1288.839	adjusted	457903.4131	7553612.5	585.2668053	0.823810843	-1.473052662	-25.78508472
K00233DC	1	1293.846	adjusted	457919.3722	7553600.133	585.331193	0.728865396	-0.718096577	-25.80690255
K00234DC	1	1298.853	adjusted	457927.2384	7553591.133	584.9494374	-0.950184558	-4.435168613	-25.02332498
K00235DC	1	1303.853	adjusted	457927.5089	7553590.75	581.4783997	1.386954493	-3.105935118	-25.24030089
K00236DC	1	1308.853	adjusted	457926.1517	7553590.474	573.7032472	-1.305997489	-3.215680202	-25.31520505
K00237DC	1	1313.86	adjusted	457926.9505	7553590.465	566.5516258	-3.35281533	-2.863182374	-24.92797412
K00238DC	1	1318.86	adjusted	457927.493	7553591.309	559.073595	-3.446486009	-2.702716594	-25.2508189
K00239DC	1	1323.867	adjusted	457927.9042	7553590.18	550.9113683	-2.683461506	-1.468162208	-24.89621987
K00240DC	1	1328.872	adjusted	457928.5073	7553590.996	542.865801	1.029616763	-3.923366491	-25.87158774
K00241DC	1	1333.872	adjusted	457928.3826	7553590.942	535.8913016	-0.910185604	-2.973228969	-25.62979713
K00242DC	1	1338.879	adjusted	457928.5253	7553591.242	528.1385216	-2.981161146	-2.304831187	-26.55459873
K00243DC	1	1343.887	adjusted	457928.1968	7553591.538	521.050656	-3.402044643	-2.034103838	-26.6236225
K00244DC	1	1348.887	adjusted	457928.206	7553592.273	513.3468077	-3.363930564	-1.977161348	-26.59090475
K00245DC	1	1353.887	adjusted	457927.6422	7553592.619	504.9797611	-4.959978409	-3.273937446	-26.91904466
K00246DC	1	1358.895	adjusted	457927.4366	7553592.832	497.4283421	-3.61198185	-2.599121502	-26.65432849
K00247DC	1	1363.895	adjusted	457927.682	7553592.828	490.0956602	-4.501572283	-2.788273513	-27.05642002
K00097DC	10	517.497	adjusted	457918.7471	7553595.922	491.9087214	-1.62688644	-3.005449414	68.72263147
K00098DC	10	522.487	adjusted	457906.0945	7553599.365	497.4210148	-3.205458394	-3.784050448	68.49864007
K00099DC	10	527.487	adjusted	457891.992	7553605.415	504.6749525	-2.750550647	-5.865494792	68.84961936
K00100DC	10	532.487	adjusted	457881.2886	7553609.579	512.7745625	-0.775093799	0.103973644	69.52508465
K00102DC	10	542.497	adjusted	457849.0592	7553622.829	527.4447382	-3.987300022	-3.987679593	69.04005273
K00103DC	10	547.487	adjusted	457834.8847	7553628.314	533.4275249	-3.995813183	-4.496115804	69.43472593
K00104DC	10	552.487	adjusted	457821.2587	7553634.042	540.6714718	-3.219685852	-4.167422617	69.82777264
K00105DC	10	557.487	adjusted	457807.0276	7553640.191	548.1713175	-2.054997379	-3.834588657	70.07316504
K00106DC	10	562.487	adjusted	457792.6973	7553645.947	555.3124815	-3.382161701	-3.214469319	70.27712971
K00107DC	10	567.487	adjusted	457778.6397	7553652.058	562.0890366	-3.654699875	-4.721746616	69.74145217
K00108DC	10	572.487	adjusted	457764.8133	7553657.843	568.6159444	-4.192526985	-4.516438453	70.05347663
K00109DC	10	577.497	adjusted	457749.5276	7553663.87	575.9519698	-2.738206744	-5.588815206	70.32868854
K00110DC	10	582.487	adjusted	457735.6911	7553669.423	582.6606191	-2.624549572	-0.436817253	107.7623946
K00111DC	10	587.487	adjusted	457735.0695	7553670.281	583.3719308	-1.982340798	0.007874323	-113.1126215
K00112DC	10	592.487	adjusted	457748.7622	7553664.409	584.7381394	-0.718771988	-0.230101327	-113.1302742
K00113DC	10	597.487	adjusted	457766.5055	7553655.757	585.4278421	-1.463648161	-1.206300527	-113.2281394
K00114DC	10	602.487	adjusted	457784.2124	7553647.173	585.8730472	-1.050706458	-1.797013567	-113.1854232
K00115DC	10	607.487	adjusted	457801.175	7553638.865	585.9780264	-1.670688008	-0.938054104	-113.3653009
K00116DC	10	612.497	adjusted	457818.5977	7553630.004	585.9355869	-0.643756616	-1.725722171	-113.3182754
K00117DC	10	617.487	adjusted	457835.8838	7553621.455	586.2779031	-1.49379634	-1.221801877	-113.6794717
K00118DC	10	622.487	adjusted	457852.2618	7553613.402	585.6250636	-0.875742918	-1.586118137	-113.4816854
K00119DC	10	627.487	adjusted	457869.0695	7553605.626	585.6872193	-1.606966362	-1.360197794	-113.594762
K00120DC	10	632.487	adjusted	457885.7599	7553597.274	585.5311352	-1.123722659	-1.258777643	-113.6758582
K00121DC	10	637.487	adjusted	457901.5224	7553589.76	585.7834609	-1.709706172	-2.044826817	-113.629424
K00122DC	10	642.487	adjusted	457919.0743	7553580.976	586.3035634	-1.758505053	-1.433848662	-113.569256
K00123DC	10	647.507	adjusted	457935.6861	7553574.377	586.2376852	-2.563739049	-1.388741415	-113.4678596
K00124DC	10	652.497	adjusted	457953.5359	7553567.217	586.3971332	-1.972121876	-0.278010133	-113.4558436
K00125DC	10	657.497	adjusted	457969.9633	7553558.473	586.5363726	-2.052887778	-0.321217197	-113.5981281
K00126DC	10	662.497	adjusted	457987.43	7553549.33	586.3499183	-1.225199306	-1.107410838	-113.5491954
K00127DC	10	667.497	adjusted	458004.0371	7553541.211	586.1251866	-1.293250975	-1.144223446	-113.7617125
K00128DC	10	672.497	adjusted	458016.2449	7553537.468	586.3765265	-9.127689683	-1.774539997	-21.48405212
K00129DC	10	677.497	adjusted	458023.5843	7553550.869	586.6358055	-4.97988084	0.130502303	-22.62018509
K00130DC	10	682.51	adjusted	458029.3305	7553567.131	586.2151359	-0.006676527	-9.367444719	64.36859256
K00131DC	10	687.507	adjusted	458020.5778	7553575.123	586.0143656	-2.268960348	-6.131775966	67.36198156
K00132DC	10	692.507	adjusted	458003.7867	7553582.849	585.8243939	-3.014346445	-3.701607801	67.15596613
K00133DC	10	697.507	adjusted	457987.4141	7553591.179	585.7640819	-2.853200392	-4.094204018	67.08529033
K00134DC	10	702.507	adjusted	457970.7529	7553598.773	585.5971998	-2.382500432	-4.390341129	67.23053265
K00135DC	10	707.507	adjusted	457953.4336	7553606.559	585.7254306	-2.050726616	-4.205099502	67.10159537
K00136DC	10	712.507	adjusted	457937.0692	7553614.464	585.8886243	-2.152332907	-2.835141384	67.03028417
K00137DC	10	717.517	adjusted	457920.0022	7553623.49	585.7288792	-3.248923349	-3.550773977	66.45010489
K00138DC	10	722.507	adjusted	457905.3967	7553631.291	585.3994507	-2.086258282	-2.961015378	66.38549956
K00139DC	10	727.507	adjusted	457889.1051	7553639.556	585.6327345	-2.142239139	-1.432962962	66.48795441
K00140DC	10	732.507	adjusted	457872.4088	7553647.724	585.5713159	-2.180412803	-2.726552059	65.88283901
K00141DC	10	737.507	adjusted	457856.5971	7553655.877	584.3738825	-0.788676936	-5.364819388	65.98003906
K00142DC	10	742.507	adjusted	457840.1747	7553663.815	584.9577349	-1.303786378	-4.083349655	66.34511462
K00143DC	10	747.507	adjusted	457822.8595	7553671.074	584.8659699	-3.971615729	-3.18571915	65.97676557
K00144DC	10	752.507	adjusted	457806.9578	7553679.79	585.2789973	-1.719922672	-3.045518284	66.1684313
K00145DC	10	757.517	adjusted	457790.2635	7553687.696	585.3975178	-2.62747274	-4.428009795	66.23576267
K00146DC	10	762.507	adjusted	457773.1668	7553695.671	585.0726062	-1.709614972	-4.114150036	66.46651472
K00147DC	10	767.507	adjusted	457763.648	7553702.264	584.4088309	-3.200794516	1.655002791	-42.9421278
K00148DC	10	772.507	adjusted	457771.4251	7553712.356	585.0068892	-3.385554083	0.363892099	-42.97606225
K00149DC	10	777.507	adjusted	457784.1017	7553725.38	585.4358746	-4.122542396	-0.099529692	-43.61117673
K00150DC	10	782.507	adjusted	457798.2618	7553727.185	585.6973933	1.399038989	-0.448953009	-115.0653442
K00151DC	10	787.507	adjusted	457812.8965	7553720.31	586.4488794	0.971992681	0.204411167	-115.0397204
K00152DC	10	792.507	adjusted	457830.7525	7553711.828	586.7532871	-0.79938277	0.486508973	-114.6495903
K00153DC	10	797.507	adjusted	457848.4798	7553704.12	585.921022	0.498189341	1.362729259	-114.5416704
K00154DC	10	802.507	adjusted	457866.4034	7553696.308	586.5161054	-0.099467834	0.304461114	-114.3439783
K00155DC	10	807.507	adjusted	457883.6644	7553688.084	586.6026531	-0.250665982	0.903157654	-114.3517948
K00156DC	10	812.507	adjusted	457900.025	7553680.02	586.6632369	0.047881146	-0.047641677	-114.5378397
K00157DC	10	817.507	adjusted	457917.0883	7553671.653	586.831723	-0.804754437	0.27633139	-114.4898504
K00158DC	10	822.507	adjusted	457933.8731	7553663.594	586.7224246	0.044612081	0.229912764	-114.5715486
K00159DC	10	827.507	adjusted	457951.7755	7553654.238	586.2760249	0.687456035	-1.212909363	-114.3428837
K00160DC	10	832.507	adjusted	457969.537	7553644.398	586.7758268	-0.177665345	0.571306329	-114.1465975
K00161DC	10	837.52	adjusted	457986.2568	7553635.858	587.0491495	-0.525952294	-0.046855121	-113.7212791
K00162DC	10	842.524	adjusted	458003.3227	7553627.537	587.0389416	1.181792958	0.792559168	-113.8057921
K00163DC	10	847.524	adjusted	458019.293	7553619.042	586.7563075	2.197170183	2.3467043	-113.8924054
K00164DC	10	852.524	adjusted	458035.8421	7553610.597	586.0194624	1.189879933	2.831220356	-113.7827257
K00165DC	10	857.524	adjusted	458047.6165	7553604.4	585.685199	-5.350641433	-1.950132125	13.91541825
K00166DC	10	862.524	adjusted	458046.2334	7553614.634	586.1596315	-2.067639443	-2.07656706	13.46915828
K00167DC	10	867.524	adjusted	458041.4966	7553633.055	585.3121927	-1.617154944	-0.128094224	12.98272335
K00168DC	10	872.534	adjusted	458039.7251	7553640.261	585.2793063	2.215493532	-1.710084256	156.3070298
K00169DC	10	877.524	adjusted	458035.2873	7553629.5	585.9753014	3.414478077	-3.448661007	156.1788148
K00170DC	10	882.524	adjusted	458027.3493	7553612.265	585.4034415	1.693825416	-3.540175473	156.3568485
K00171DC	10	887.524	adjusted	458019.5435	7553595.004	585.3017307	2.80881209	-3.857862244	156.3059887
K00172DC	10	892.524	adjusted	458011.5792	7553577.555	584.8906887	2.171285933	-3.00734978	156.7983858
K00173DC	10	897.526	adjusted	458002.9591	7553560.517	584.664333	1.805182562	-2.287148254	157.5376428
K00174DC	10	902.526	adjusted	457994.9075	7553543.108	585.0002609	0.988547043	-2.501895494	157.5008788
K00175DC	10	907.526	adjusted	457986.734	7553525.731	585.0035278	2.156071662	-2.420506095	157.7926403
K00176DC	10	912.536	adjusted	457978.2763	7553514.08	584.9920364	-4.240699044	-4.286986379	66.21237257
K00177DC	10	917.526	adjusted	457963.5376	7553519.221	583.0892326	-3.440048212	-2.669090135	67.32171955
K00178DC	10	922.526	adjusted	457946.8855	7553529.108	584.2692351	-5.272098382	5.05886453	-10.88001966
K00179DC	10	927.526	adjusted	457947.5111	7553542.14	585.4956133	-4.54940618	2.321478442	-23.94883544
K00180DC	10	932.526	adjusted	457956.9248	7553559.36	585.3872584	-4.311486186	1.700731683	-25.03683279
K00181DC	10	937.526	adjusted	457964.949	7553574.898	585.7741297	-6.151402796	0.260574588	-25.58460675
K00182DC	10	942.526	adjusted	457974.2377	7553592.967	586.3683045	-5.094454758	0.842478523	-26.11521832
K00183DC	10	947.526	adjusted	457982.6572	7553608.87	585.9714436	-5.977821166	1.062749276	-26.54860349
K00184DC	10	952.526	adjusted	457990.7035	7553625.337	585.8526195	-6.676788229	1.198016587	-27.19008447
K00185DC	10	1053.958	adjusted	457922.9545	7553666.388	585.2716594	-6.220749604	-0.743526153	-26.52964019
K00186DC	10	1058.958	adjusted	457931.9402	7553682.981	585.8173998	-6.29764825	-1.281032056	-27.24589745
K00187DC	10	1063.948	adjusted	457930.1597	7553693.844	585.8293197	-3.625771696	-5.046751468	66.83577287
K00188DC	10	1068.948	adjusted	457915.5184	7553699.535	585.2619119	-6.330764362	-5.429708264	67.28580389
K00189DC	10	1073.948	adjusted	457899.6268	7553701.144	584.1509165	-4.838208721	0.523038454	156.1123591
K00190DC	10	1078.955	adjusted	457892.1585	7553688.816	583.6985845	-1.06818846	-3.065997779	156.6974328
K00191DC	10	1083.955	adjusted	457884.4005	7553671.442	584.035497	-3.303409115	-4.035773705	156.8846818
K00192DC	10	1088.962	adjusted	457875.595	7553652.577	584.0441393	-2.202905924	-2.677442236	157.2351291
K00193DC	10	1093.962	adjusted	457867.1819	7553635.99	584.2410824	-0.632943398	-2.962573735	156.9576224
K00194DC	10	1098.962	adjusted	457857.4892	7553617.162	584.3339563	-0.961459821	-2.925828366	156.6337845
K00195DC	10	1103.962	adjusted	457849.742	7553599.894	583.9532966	0.211710607	-4.339879758	156.697905
K00196DC	10	1108.972	adjusted	457841.298	7553584.724	582.6879473	-12.06064995	0.50233849	97.89241228
K00197DC	10	1113.962	adjusted	457831.4736	7553584.358	584.1089938	-6.98520641	-5.929359613	65.8054248
K00198DC	10	1118.969	adjusted	457815.1338	7553592.113	584.24622	-4.443004788	-7.647651929	67.16582068
K00199DC	10	1123.976	adjusted	457806.8861	7553600.387	585.1402221	-6.282158667	1.133887303	-22.59592955
K00200DC	10	1128.976	adjusted	457812.9331	7553614.671	585.5734721	-6.645935938	0.088933211	-23.70459369
K00201DC	10	1133.976	adjusted	457821.8683	7553631.753	585.4074399	-7.364616442	-0.224517302	-24.95031071
K00202DC	10	1138.983	adjusted	457830.6304	7553650.258	585.6779416	-6.681407156	-0.766029609	-25.98187139
K00203DC	10	1143.99	adjusted	457839.4431	7553668.672	585.7725284	-5.873949255	-1.664279454	-26.32560752
K00204DC	10	1148.99	adjusted	457848.4569	7553687.205	585.8930528	-5.588671075	-1.56194242	-26.12533169
K00205DC	10	1153.997	adjusted	457856.9586	7553704.226	585.4421544	-6.335520809	-0.736467107	-26.24625538
K00206DC	10	1159.014	adjusted	457862.9216	7553719.735	584.8633963	-2.214737511	-9.552911488	67.22124913
K00207DC	10	1164.004	adjusted	457852.7527	7553726.698	584.3097025	-3.309959654	-6.07077953	67.3015999
K00208DC	10	1169.011	adjusted	457833.6181	7553732.21	583.4756356	-0.276658902	1.242958995	93.72095024
K00209DC	10	1174.018	adjusted	457822.8537	7553725.843	581.8986758	2.363710062	-3.121609051	156.3022865
K00210DC	10	1179.018	adjusted	457814.9208	7553709.572	581.8618818	0.95672763	-6.269126028	156.5262234
K00211DC	10	1184.025	adjusted	457806.6731	7553691.47	581.6827734	0.308573406	-5.995866168	156.7408571
K00212DC	10	1189.032	adjusted	457798.3463	7553673.197	581.7649383	0.759747318	-4.859910028	156.9975869
K00213DC	10	1194.032	adjusted	457790.1776	7553655.392	582.6456636	2.305691262	-5.676023035	157.6060393
K00214DC	10	1199.038	adjusted	457781.1249	7553637.479	582.8106039	1.925108545	-5.040721178	158.3584902
K00215DC	10	1204.038	adjusted	457772.1052	7553619.295	582.9894868	-2.636806888	-3.366065744	155.6851899
K00216DC	10	1209.048	adjusted	457761.7376	7553615.868	582.8807729	-5.541709902	-7.965518684	67.27294733
K00217DC	10	1214.038	adjusted	457746.4612	7553623.944	582.5393473	-1.516876395	-6.073063746	68.13798556
K00218DC	10	1219.038	adjusted	457735.8757	7553633.452	582.0878084	-2.850561232	-1.941525084	-23.25380089
K00219DC	10	1224.038	adjusted	457740.0689	7553646.174	581.9549758	-7.129513471	-0.643848117	-23.30407391
K00220DC	10	1229.038	adjusted	457749.2237	7553662.774	582.8329701	-6.715475831	-0.488432921	-24.77825534
K00221DC	10	1234.045	adjusted	457757.8704	7553681.752	583.1740555	-3.901698869	0.546851273	-25.69185866
K00222DC	10	1239.045	adjusted	457766.3168	7553698.808	583.6609271	-5.704873118	-1.856731459	-26.17336204
K00223DC	10	1244.052	adjusted	457774.7114	7553714.782	583.8112268	3.358361294	-2.922540439	-25.98190372
K00224DC	10	1249.059	adjusted	457783.51	7553711.187	584.2064671	1.564744643	-0.557989304	-25.78541678
K00225DC	10	1254.059	adjusted	457797.3883	7553699.681	584.8429509	-0.229882958	-0.922033507	-25.71484484
K00226DC	10	1259.066	adjusted	457812.9764	7553686.949	585.2331766	0.418579784	-1.28498614	-25.86236541
K00227DC	10	1264.066	adjusted	457829.209	7553674.368	585.2858823	0.415072931	-1.43073492	-25.76630023
K00228DC	10	1269.066	adjusted	457844.989	7553661.54	585.4424687	0.177341747	-0.547317291	-25.6807793
K00229DC	10	1274.072	adjusted	457860.2377	7553648.701	585.1512499	0.873886402	-1.589360873	-25.59606844
K00230DC	10	1279.089	adjusted	457874.8403	7553637.142	585.0967714	1.890228314	-0.760358562	-25.58182896
K00231DC	10	1284.079	adjusted	457889.8999	7553623.725	585.0539005	1.759098927	-0.466018026	-25.83189158
K00232DC	10	1289.079	adjusted	457903.5119	7553612.214	584.9620491	0.700367596	-1.62826945	-25.74614975
K00233DC	10	1294.086	adjusted	457919.6774	7553600.008	585.030784	0.588646172	-0.934160318	-25.79528668
K00234DC	10	1299.093	adjusted	457927.4245	7553591.731	584.76072	-0.947069529	-4.216184616	-25.15652384
K00235DC	10	1304.093	adjusted	457927.9151	7553591.905	580.9401405	0.334176557	-3.272235761	-25.27774768
K00236DC	10	1309.093	adjusted	457927.5408	7553591.242	573.3042851	-1.539386524	-2.386225734	-25.35343658
K00237DC	10	1314.1	adjusted	457927.6127	7553589.978	566.2693536	-3.332964835	-2.619813189	-24.9914086
K00238DC	10	1319.1	adjusted	457927.342	7553590.589	558.6398264	-2.979303535	-2.870808196	-25.12302858
K00239DC	10	1324.107	adjusted	457927.8803	7553590.919	550.266829	-1.599395306	-1.592718565	-24.81647672
K00240DC	10	1329.112	adjusted	457928.5407	7553591.151	542.3386539	0.854687393	-2.880352792	-26.10503141
K00241DC	10	1334.112	adjusted	457928.4316	7553591.065	535.3467729	-0.487626367	-4.180245424	-25.87073559
K00242DC	10	1339.119	adjusted	457928.6153	7553591.148	527.5750957	-3.085466124	-2.185642757	-26.38052975
K00243DC	10	1344.127	adjusted	457928.3725	7553591.808	520.5464674	-3.430229903	-2.105998246	-26.75864488
K00244DC	10	1349.127	adjusted	457928.1849	7553592.351	512.8062031	-3.688349533	-2.492023464	-26.54793447
K00245DC	10	1354.127	adjusted	457927.6775	7553592.521	504.5194221	-4.653926189	-3.229166269	-26.97713444
K00246DC	10	1359.135	adjusted	457927.5761	7553592.731	496.9534532	-3.124871475	-3.302488989	-26.662441
K00247DC	10	1364.135	adjusted	457927.69	7553592.784	489.6717699	-5.333095195	-1.845610169	-27.07894124
K00097DC	15	517.795	adjusted	457918.0632	7553596.164	492.2480931	-1.764342714	-3.404059783	68.74882603
K00098DC	15	522.785	adjusted	457905.0968	7553599.761	497.7910738	-4.530694604	-2.64367263	68.51213776
K00099DC	15	527.785	adjusted	457891.1918	7553605.858	505.0386865	-4.397131799	-5.606532997	68.72851058
K00100DC	15	532.785	adjusted	457880.7571	7553609.793	513.2620009	-1.026928731	1.626219181	69.44504567
K00102DC	15	542.795	adjusted	457848.3048	7553623.077	527.7702338	-3.93337976	-3.910859643	69.02469279
K00103DC	15	547.785	adjusted	457834.2629	7553628.618	533.799942	-4.096170309	-4.362869905	69.43940156
K00104DC	15	552.785	adjusted	457820.4997	7553634.375	541.0882667	-3.406848327	-4.15584078	69.80594553
K00105DC	15	557.785	adjusted	457806.3216	7553640.503	548.6174807	-2.169351301	-3.976605462	70.12061318
K00106DC	15	562.785	adjusted	457791.698	7553646.449	555.7372915	-3.97423045	-2.941141037	70.29632066
K00107DC	15	567.785	adjusted	457777.7312	7553652.41	562.3921637	-4.145507674	-4.949579925	69.75263554
K00108DC	15	572.785	adjusted	457763.8311	7553658.208	569.0234456	-4.245144894	-4.466881614	70.14899325
K00109DC	15	577.795	adjusted	457749.0171	7553664.502	576.3466848	-3.448575346	-5.336473316	70.35513397
K00110DC	15	582.785	adjusted	457735.0444	7553670.288	582.7702579	-1.486224454	-0.393897399	124.7864639
K00111DC	15	587.785	adjusted	457735.0731	7553670.28	583.4584336	-1.621023317	0.048891345	-113.0908412
K00112DC	15	592.785	adjusted	457749.4296	7553663.6	584.8108791	-0.554417255	-0.147728607	-113.1099269
K00113DC	15	597.785	adjusted	457767.634	7553654.811	585.5312191	-1.120866286	-1.021769223	-113.1564238
K00114DC	15	602.785	adjusted	457784.8847	7553646.229	585.8634308	-0.381287242	-2.032491518	-113.0393717
K00115DC	15	607.785	adjusted	457802.0963	7553638.148	586.064664	-1.111460368	-0.661614537	-113.3155508
K00116DC	15	612.795	adjusted	457819.2584	7553629.807	585.9560654	-0.773799708	-1.808703105	-113.3307553
K00117DC	15	617.785	adjusted	457836.6391	7553620.969	586.2816771	-1.173776389	-0.77643909	-113.5973274
K00118DC	15	622.785	adjusted	457853.0639	7553613.271	585.6764106	-0.462422128	-1.081919056	-113.4619118
K00119DC	15	627.785	adjusted	457870.0047	7553605.032	585.7629281	-1.457727939	-1.097739232	-113.6558428
K00120DC	15	632.785	adjusted	457886.2142	7553597.071	585.5178861	-0.755011602	-1.05982874	-113.6798229
K00121DC	15	637.785	adjusted	457901.9818	7553589.576	585.8172691	-1.728782195	-1.951125377	-113.5263708
K00122DC	15	642.785	adjusted	457919.0826	7553580.285	586.0032971	-1.105509828	-2.01773976	-113.5223516
K00123DC	15	647.805	adjusted	457936.7196	7553572.991	586.3540744	-2.005094714	-1.315867022	-113.4573034
K00124DC	15	652.795	adjusted	457953.924	7553566.509	586.4639653	-1.656863474	-0.264387226	-113.3749321
K00125DC	15	657.795	adjusted	457970.5217	7553557.771	586.6722897	-2.2553771	-0.408052427	-113.4695948
K00126DC	15	662.795	adjusted	457988.3683	7553549.061	586.3826017	-1.169391728	-0.838254857	-113.6002123
K00127DC	15	667.795	adjusted	458004.7945	7553540.695	586.181159	-1.106599941	-1.020083497	-113.7956543
K00128DC	15	672.795	adjusted	458016.5982	7553537.563	586.5296356	-7.726138935	-0.926057422	-21.56760607
K00129DC	15	677.795	adjusted	458024.2573	7553551.878	586.6472346	-5.188821279	0.145128931	-22.63042512
K00130DC	15	682.808	adjusted	458029.4254	7553567.966	586.3124418	-1.319968675	-10.00156947	67.5063182
K00131DC	15	687.805	adjusted	458019.4196	7553576.096	585.9101422	-2.817342192	-5.935546206	67.39833318
K00132DC	15	692.805	adjusted	458003.5431	7553584.008	585.9055076	-3.649972066	-3.343157099	67.20518856
K00133DC	15	697.805	adjusted	457986.0643	7553592.06	585.7031623	-3.338253851	-4.429655818	67.11843215
K00134DC	15	702.805	adjusted	457968.8008	7553600.065	585.5212496	-3.016766189	-4.800614099	67.02728308
K00135DC	15	707.805	adjusted	457952.9858	7553607.058	585.6951074	-2.264971217	-4.122587182	67.14767463
K00136DC	15	712.805	adjusted	457936.2698	7553614.813	585.9815897	-2.524509475	-2.419413869	67.10009698
K00137DC	15	717.815	adjusted	457919.8833	7553623.596	585.7280757	-3.158478748	-3.268578305	66.49961643
K00138DC	15	722.805	adjusted	457905.0047	7553631.855	585.5015975	-2.474981224	-2.600492153	66.41355952
K00139DC	15	727.805	adjusted	457887.9725	7553640.199	585.457747	-2.698010133	-1.235636318	66.4886637
K00140DC	15	732.805	adjusted	457871.5393	7553647.868	585.3050765	-2.457484286	-3.217990387	65.89055318
K00141DC	15	737.805	adjusted	457855.7372	7553656.681	584.250272	-1.440439926	-5.520309943	65.95319506
K00142DC	15	742.805	adjusted	457839.1279	7553664.313	584.9486589	-1.401723983	-4.254575021	66.33199585
K00143DC	15	747.805	adjusted	457822.0596	7553671.622	584.8848222	-3.978296636	-3.504047989	65.9694615
K00144DC	15	752.805	adjusted	457805.7693	7553680.344	585.3671484	-2.362032482	-2.642229368	66.16423877
K00145DC	15	757.815	adjusted	457789.0703	7553688.286	585.3707679	-2.678586654	-4.551247056	66.24898453
K00146DC	15	762.805	adjusted	457772.4808	7553696.356	585.0889483	-2.198943479	-3.920211189	66.44492393
K00147DC	15	767.805	adjusted	457763.5314	7553702.54	584.4712708	-2.668730734	1.071404251	-42.98776554
K00148DC	15	772.805	adjusted	457771.8027	7553713.336	585.3044561	-3.561973798	0.545578541	-43.01247013
K00149DC	15	777.805	adjusted	457784.9777	7553726.219	585.5080006	0.083815172	-3.52430611	-48.67317691
K00150DC	15	782.805	adjusted	457798.7688	7553726.924	585.8361714	1.507622158	0.230371945	-114.9849236
K00151DC	15	787.805	adjusted	457813.9751	7553719.995	586.5183878	1.370658046	0.274634997	-114.9902169
K00152DC	15	792.805	adjusted	457831.6313	7553710.92	586.7059587	-0.241764818	0.209761074	-114.6492507
K00153DC	15	797.805	adjusted	457849.1366	7553703.139	585.8654271	0.47825218	1.306469407	-114.4569358
K00154DC	15	802.805	adjusted	457866.9949	7553695.908	586.5054005	0.024121161	0.171349065	-114.2698435
K00155DC	15	807.805	adjusted	457884.4992	7553687.736	586.7170547	0.077262331	1.241830205	-114.3841399
K00156DC	15	812.805	adjusted	457900.7459	7553679.404	586.7077172	0.66228724	-0.07267322	-114.3832406
K00157DC	15	817.805	adjusted	457917.982	7553671.337	586.844229	-0.421685927	0.404733309	-114.4070467
K00158DC	15	822.805	adjusted	457934.9788	7553662.652	586.7770692	0.872026388	0.439574744	-114.5540432
K00159DC	15	827.805	adjusted	457952.486	7553653.614	586.3077036	0.599496058	-2.054614856	-114.2537624
K00160DC	15	832.805	adjusted	457970.2121	7553643.622	586.8404858	0.017516967	0.095963807	-114.1311014
K00161DC	15	837.818	adjusted	457986.985	7553635.376	587.0764554	0.564131137	-0.898790486	-113.8307011
K00162DC	15	842.822	adjusted	458004.0059	7553627.035	587.0796792	1.154392129	0.783595702	-113.8079632
K00163DC	15	847.822	adjusted	458020.3352	7553618.54	586.7026708	2.180987521	2.666180691	-113.8947196
K00164DC	15	852.822	adjusted	458036.4074	7553610.05	585.9566286	1.714997134	2.622433134	-113.6780736
K00165DC	15	857.822	adjusted	458047.9	7553604.433	585.9509675	-5.738208189	-2.031549137	13.87861531
K00166DC	15	862.822	adjusted	458046.077	7553615.791	586.1954747	-2.408132954	-1.575877572	13.4455123
K00167DC	15	867.822	adjusted	458041.323	7553634.013	585.2483377	3.181181239	1.695420438	20.63011364
K00168DC	15	872.832	adjusted	458039.663	7553640.312	585.3836134	3.204854012	-2.47271023	156.3246928
K00169DC	15	877.822	adjusted	458034.8307	7553628.672	586.0501238	3.442804773	-3.568616607	156.2008877
K00170DC	15	882.822	adjusted	458026.7602	7553611.348	585.4009019	1.58075022	-3.734644921	156.4028247
K00171DC	15	887.822	adjusted	458018.8082	7553594.188	585.3988122	2.303398766	-3.972077706	156.2307452
K00172DC	15	892.822	adjusted	458011.178	7553576.83	584.8735792	2.031074671	-3.895433066	156.9558711
K00173DC	15	897.824	adjusted	458002.6802	7553559.736	584.7391082	0.949173825	-2.975190644	157.4300011
K00174DC	15	902.824	adjusted	457994.4664	7553542.34	585.0704906	1.069097478	-3.274749201	157.4933027
K00175DC	15	907.824	adjusted	457986.3918	7553524.756	585.1388807	1.81314036	-2.779020337	157.789578
K00176DC	15	912.834	adjusted	457977.7859	7553514.296	585.0104459	-4.149665127	-3.963520289	66.26129959
K00177DC	15	917.824	adjusted	457963.0625	7553519.88	583.2063622	-3.103976211	-2.746666163	67.5353632
K00178DC	15	922.824	adjusted	457946.8722	7553529.143	584.4402811	-5.653428045	4.286804115	-20.66107298
K00179DC	15	927.824	adjusted	457947.7142	7553543.199	585.3987341	-4.718302672	2.390657785	-23.86675763
K00180DC	15	932.824	adjusted	457957.4839	7553560.135	585.6877797	-4.150182409	2.08772658	-25.01590917
K00181DC	15	937.824	adjusted	457967.1403	7553577.891	585.3914746	-7.192364177	0.864161698	-25.4356685
K00182DC	15	942.824	adjusted	457974.8924	7553593.512	586.4195664	-5.129839645	0.242232578	-26.18248932
K00183DC	15	947.824	adjusted	457983.2519	7553609.271	585.9751349	-5.310279901	1.251883067	-26.63435605
K00184DC	15	952.824	adjusted	457991.1325	7553625.632	586.0028481	-6.460067119	1.149024008	-27.17592355
K00185DC	15	1054.256	adjusted	457924.0437	7553666.859	585.4146463	-6.918147351	0.323601562	-26.66308924
K00186DC	15	1059.256	adjusted	457932.4793	7553684.016	585.9334547	-5.79378579	-1.502763912	-26.88370212
K00187DC	15	1064.246	adjusted	457929.6726	7553694.542	585.8410276	-3.871696164	-6.308824984	66.9542515
K00188DC	15	1069.246	adjusted	457914.8182	7553700.236	585.2198255	-6.407337565	-5.191957858	67.31862348
K00189DC	15	1074.246	adjusted	457899.3598	7553701.181	584.0205235	-5.404834537	0.008458871	156.2120347
K00190DC	15	1079.253	adjusted	457891.7984	7553688.122	583.6789119	-1.275622887	-3.547274417	156.8045565
K00191DC	15	1084.253	adjusted	457883.7125	7553670.674	584.0779402	-3.220661002	-4.526804733	156.9443975
K00192DC	15	1089.26	adjusted	457875.4256	7553651.839	584.148695	-1.770904993	-3.011604351	157.1604732
K00193DC	15	1094.26	adjusted	457866.7053	7553635.316	584.3531376	-0.724974648	-3.903060914	157.0108448
K00194DC	15	1099.26	adjusted	457857.1256	7553616.382	584.3294213	-1.19576503	-3.546349276	156.5921324
K00195DC	15	1104.26	adjusted	457849.2648	7553598.945	583.94985	0.234434298	-3.901361273	156.7839306
K00196DC	15	1109.27	adjusted	457841.3015	7553584.089	582.5267213	-11.53158367	-0.376767887	76.27379407
K00197DC	15	1114.26	adjusted	457830.8953	7553584.489	584.2541476	-6.880759462	-5.790807293	65.79556027
K00198DC	15	1119.267	adjusted	457814.3538	7553592.562	584.2662832	-4.883398087	-6.874181171	67.22557411
K00199DC	15	1124.274	adjusted	457806.9127	7553600.983	585.2026414	-6.752908886	1.612684491	-22.61947511
K00200DC	15	1129.274	adjusted	457813.291	7553615.329	585.5949147	-6.285897816	-0.15524295	-23.74342756
K00201DC	15	1134.274	adjusted	457822.2342	7553632.249	585.4368618	-7.683791444	-0.842796428	-25.0133051
K00202DC	15	1139.281	adjusted	457831.0377	7553651.245	585.6981057	-7.416347858	-0.825286359	-25.93223268
K00203DC	15	1144.288	adjusted	457840.0854	7553669.519	586.0192916	-5.664963329	-1.695186462	-26.26522666
K00204DC	15	1149.288	adjusted	457848.5293	7553687.918	585.7018851	-5.375513121	-1.906181286	-26.04874528
K00205DC	15	1154.295	adjusted	457857.5413	7553704.861	585.5920379	-6.603677482	-0.109171954	-26.32851557
K00206DC	15	1159.312	adjusted	457863.1035	7553720.137	584.8883994	-2.45868433	-9.619413734	67.03502555
K00207DC	15	1164.302	adjusted	457852.3607	7553726.551	584.3439963	-3.409560201	-5.859201506	67.39755603
K00208DC	15	1169.309	adjusted	457832.8465	7553732.623	583.4089434	2.554680193	-0.324839711	111.8261883
K00209DC	15	1174.316	adjusted	457822.218	7553725.275	581.9199692	1.565116599	-3.261763113	156.4102145
K00210DC	15	1179.316	adjusted	457814.773	7553708.822	581.9396355	0.483965207	-6.534709059	156.5019687
K00211DC	15	1184.323	adjusted	457806.1309	7553690.582	581.7165789	0.042723148	-5.702682666	156.6498429
K00212DC	15	1189.33	adjusted	457797.7189	7553672.227	581.7338868	0.294895607	-4.98642289	156.8521164
K00213DC	15	1194.33	adjusted	457789.3942	7553654.587	582.5944071	2.020945851	-5.47851862	157.6785534
K00214DC	15	1199.336	adjusted	457780.9496	7553636.736	582.8684369	1.739638902	-4.869932713	158.4700427
K00215DC	15	1204.336	adjusted	457771.7532	7553618.708	582.9408868	-7.281520182	-0.96640038	144.2868719
K00216DC	15	1209.346	adjusted	457761.2331	7553616.217	582.9517523	-5.279198303	-7.431349106	67.29040217
K00217DC	15	1214.336	adjusted	457745.5265	7553624.49	582.4716027	-1.964512163	-5.67650175	68.1116811
K00218DC	15	1219.336	adjusted	457736.1449	7553634.331	582.0489545	-0.843778406	-1.321825973	-23.12503598
K00219DC	15	1224.336	adjusted	457741.0034	7553647.103	581.944404	-7.051629015	-1.019504767	-23.43621196
K00220DC	15	1229.336	adjusted	457749.6887	7553663.709	582.8719268	-6.304962488	-0.941908084	-24.76768978
K00221DC	15	1234.343	adjusted	457758.3008	7553682.622	583.1979842	-3.921090314	0.25994161	-25.78805084
K00222DC	15	1239.343	adjusted	457767.0558	7553699.816	583.6570707	-6.213662418	-1.66990296	-26.22249424
K00223DC	15	1244.35	adjusted	457775.377	7553715.089	583.8517139	4.45490262	-2.455795725	-25.84609059
K00224DC	15	1249.357	adjusted	457784.161	7553710.647	584.3575451	1.063529146	-0.276033911	-25.65839255
K00225DC	15	1254.357	adjusted	457798.0728	7553698.739	584.9080004	-0.299173779	-0.985366543	-25.65714227
K00226DC	15	1259.364	adjusted	457813.7332	7553686.028	585.1290638	0.406851714	-1.25458308	-25.80605124
K00227DC	15	1264.364	adjusted	457830.4693	7553673.343	585.4605286	0.456137956	-1.00210134	-25.74399962
K00228DC	15	1269.364	adjusted	457845.4384	7553660.957	585.3597107	0.021161269	-0.340303498	-25.57429403
K00229DC	15	1274.37	adjusted	457861.3044	7553647.944	585.1864863	0.445169688	-1.172362902	-25.62590594
K00230DC	15	1279.387	adjusted	457875.884	7553635.997	585.2261532	1.743931723	-0.727774105	-25.63811631
K00231DC	15	1284.377	adjusted	457890.7578	7553622.681	585.2050603	1.606565641	-0.832872547	-25.81588186
K00232DC	15	1289.377	adjusted	457904.6689	7553611.346	584.9635582	0.781600344	-1.151867682	-25.73724825
K00233DC	15	1294.384	adjusted	457919.6801	7553598.307	584.9658637	0.594929053	-1.496924574	-25.81353867
K00234DC	15	1299.391	adjusted	457927.4412	7553591.777	584.8592294	-0.763117811	-3.657133041	-25.05880649
K00235DC	15	1304.391	adjusted	457927.5084	7553591.473	580.526012	-0.221207409	-3.621528565	-25.24236143
K00236DC	15	1309.391	adjusted	457927.8306	7553591.417	573.0427967	-1.880188173	-2.12750922	-25.33284501
K00237DC	15	1314.398	adjusted	457927.6814	7553591.278	565.6566615	-3.265382268	-2.461118841	-24.76716705
K00238DC	15	1319.398	adjusted	457928.308	7553590.889	558.2805567	-3.50178651	-2.748083171	-25.04390363
K00239DC	15	1324.405	adjusted	457927.8965	7553591.054	549.8211488	-1.507811602	-2.551724433	-24.73285626
K00240DC	15	1329.41	adjusted	457928.668	7553591.134	541.9421283	0.183074253	-2.081093556	-26.24686182
K00241DC	15	1334.41	adjusted	457928.5843	7553590.914	534.9451241	-1.585608944	-4.42973412	-26.27853094
K00242DC	15	1339.417	adjusted	457928.5142	7553591.208	527.1577794	-2.950349657	-2.776780713	-26.04455381
K00243DC	15	1344.425	adjusted	457928.5536	7553591.394	520.2528751	-2.911210166	-2.507919142	-26.75402386
K00244DC	15	1349.425	adjusted	457928.2491	7553592.242	512.3962669	-3.73042152	-3.152974817	-26.5696838
K00245DC	15	1354.425	adjusted	457927.6896	7553592.44	504.0935447	-2.744121075	-2.989517629	-26.90683663
K00246DC	15	1359.433	adjusted	457927.7205	7553592.714	496.6072597	-2.955798983	-3.412439626	-26.64792387
K00247DC	15	1364.433	adjusted	457927.6242	7553592.791	489.2862678	-5.595609528	-1.873771866	-27.08575906
K00097DC	25	518.031	adjusted	457917.8015	7553596.148	492.4441745	-1.176428566	-3.404825512	68.74899493
K00098DC	25	523.021	adjusted	457903.6865	7553599.864	498.0794467	-4.556212114	-2.853988182	68.6226864
K00099DC	25	528.021	adjusted	457890.1538	7553606.057	505.197966	-4.926088533	-5.869526847	68.80765041
K00100DC	25	533.021	adjusted	457876.0356	7553612.05	512.9627509	-2.688268007	-1.086151153	69.46186547
K00102DC	25	543.031	adjusted	457847.6572	7553623.363	528.1033567	-3.898155658	-4.155668042	69.07411783
K00103DC	25	548.021	adjusted	457833.6263	7553628.772	534.1031934	-3.790719172	-4.540963911	69.40694333
K00104DC	25	553.021	adjusted	457819.8434	7553634.548	541.4581109	-3.2357248	-4.178406227	69.85472706
K00105DC	25	558.021	adjusted	457805.5154	7553640.67	548.9656838	-2.189928645	-4.49659729	70.12283843
K00106DC	25	563.021	adjusted	457790.9542	7553646.426	556.0481619	-3.695098504	-2.756640902	70.26914843
K00107DC	25	568.021	adjusted	457777.3421	7553652.619	562.6782347	-4.195977059	-4.887375381	69.77724531
K00108DC	25	573.021	adjusted	457763.1945	7553658.593	569.354785	-4.188783583	-4.482189181	70.18924019
K00109DC	25	578.031	adjusted	457748.3678	7553664.599	576.7267088	-3.836611812	-5.053715238	70.32937204
K00110DC	25	583.021	adjusted	457734.8243	7553670.14	582.9449219	-1.039550732	0.102137527	138.4548698
K00111DC	25	588.021	adjusted	457735.7962	7553670.015	583.6227035	-1.286373354	0.162961825	-113.0283696
K00112DC	25	593.021	adjusted	457750.2087	7553663.525	584.8550945	-0.719380247	-0.284411499	-113.1443609
K00113DC	25	598.021	adjusted	457767.8483	7553654.595	585.4723957	-1.12607048	-1.23117654	-113.1127798
K00114DC	25	603.021	adjusted	457786.0034	7553645.652	585.9752805	-0.044292815	-2.274275121	-112.9181443
K00115DC	25	608.021	adjusted	457802.6084	7553637.469	585.9996746	-0.683623852	-1.0400374	-113.3178322
K00116DC	25	613.031	adjusted	457819.9111	7553629.248	585.9227394	-0.85667344	-1.855775396	-113.3166726
K00117DC	25	618.021	adjusted	457837.5436	7553620.584	586.1425226	-1.338664436	-0.934358912	-113.5551994
K00118DC	25	623.021	adjusted	457853.7254	7553613.298	585.6796407	-0.64432816	-1.009020032	-113.4595189
K00119DC	25	628.021	adjusted	457870.5526	7553604.719	585.6932132	-1.4483407	-1.097118003	-113.6915087
K00120DC	25	633.021	adjusted	457887.4125	7553596.659	585.6767134	-0.652642854	-0.800653791	-113.7330241
K00121DC	25	638.021	adjusted	457903.908	7553588.851	585.9236732	-1.436548731	-1.394102916	-113.5840745
K00122DC	25	643.021	adjusted	457920.0581	7553580.464	586.0247459	-1.246551492	-1.933333683	-113.496702
K00123DC	25	648.041	adjusted	457937.2196	7553572.001	586.1026957	-1.727998386	-1.33968795	-113.6807405
K00124DC	25	653.031	adjusted	457954.4984	7553566.181	586.4052773	-1.678299132	-0.299706224	-113.438269
K00125DC	25	658.031	adjusted	457971.5505	7553557.695	586.40467	-2.516844885	-0.423890282	-113.5371909
K00126DC	25	663.031	adjusted	457988.9236	7553548.846	586.2682279	-1.284119704	-0.936853512	-113.605901
K00127DC	25	668.031	adjusted	458005.7447	7553540.44	586.2082338	-1.153884054	-0.987027169	-113.7835396
K00128DC	25	673.031	adjusted	458017.1525	7553538.499	586.5225304	-7.29119349	-1.154939741	-21.66295496
K00129DC	25	678.031	adjusted	458024.3048	7553552.667	586.6444807	-5.382259813	-0.424202641	-22.81774338
K00130DC	25	683.044	adjusted	458029.4226	7553568.456	586.3740433	-2.138241921	-10.1596512	67.38742639
K00131DC	25	688.041	adjusted	458018.3216	7553576.932	585.9128489	-2.948551079	-5.827976189	67.3807507
K00132DC	25	693.041	adjusted	458002.302	7553584.033	585.9179795	-3.445244083	-3.683266214	67.19184919
K00133DC	25	698.041	adjusted	457985.6884	7553591.865	585.8387895	-2.982764039	-4.269544322	67.11415688
K00134DC	25	703.041	adjusted	457968.1731	7553599.594	585.598903	-2.504184443	-4.873665074	67.11612955
K00135DC	25	708.041	adjusted	457951.7452	7553606.441	586.1135797	-1.940811164	-4.288266391	67.11133644
K00136DC	25	713.041	adjusted	457935.77	7553615.317	585.987646	-2.232753707	-2.029009207	67.09583046
K00137DC	25	718.051	adjusted	457919.5355	7553623.925	585.6523531	-3.030232043	-3.151384029	66.55276633
K00138DC	25	723.041	adjusted	457904.3368	7553631.987	585.5793228	-2.484405619	-2.475022389	66.52945504
K00139DC	25	728.041	adjusted	457887.1977	7553640.278	585.4620339	-2.591779628	-1.095154954	66.42106437
K00140DC	25	733.041	adjusted	457870.8933	7553648.221	585.3258405	-2.159915194	-3.684934944	65.91364541
K00141DC	25	738.041	adjusted	457855.4603	7553656.737	584.0846617	-1.989461408	-5.458859959	66.02473626
K00142DC	25	743.041	adjusted	457838.9505	7553664.5	585.0984822	-1.378698507	-3.99674015	66.32127058
K00143DC	25	748.041	adjusted	457821.4879	7553671.921	584.9657177	-3.997062941	-3.336056792	65.94621046
K00144DC	25	753.041	adjusted	457805.049	7553680.478	585.4255852	-2.601357656	-2.605635073	66.13083289
K00145DC	25	758.051	adjusted	457788.6128	7553688.159	585.4683101	-2.271954783	-4.493347361	66.29025844
K00146DC	25	763.041	adjusted	457771.7208	7553696.521	585.1393617	-2.16038142	-3.961424795	66.45922391
K00147DC	25	768.041	adjusted	457763.6626	7553703.224	584.5154897	-2.506807374	0.485404074	-43.03055211
K00148DC	25	773.041	adjusted	457772.5227	7553713.953	585.3302372	-3.5203669	0.980005802	-43.02323446
K00149DC	25	778.041	adjusted	457785.6498	7553726.871	585.5419796	4.405295934	-4.213618741	-58.72562348
K00150DC	25	783.041	adjusted	457799.634	7553727.08	585.9410232	0.931536036	-0.09302285	-115.0038915
K00151DC	25	788.041	adjusted	457814.894	7553719.641	586.4561104	1.511158929	0.318422649	-114.9856224
K00152DC	25	793.041	adjusted	457832.4726	7553710.683	586.7447073	-0.331395712	-0.204210839	-114.5411249
K00153DC	25	798.041	adjusted	457850.4869	7553703.479	586.0037409	-0.160594673	1.322703129	-114.4715888
K00154DC	25	803.041	adjusted	457868.2351	7553695.436	586.5710248	0.106064138	0.289869623	-114.350814
K00155DC	25	808.041	adjusted	457885.002	7553687.384	586.7186882	0.368535921	1.185976171	-114.387284
K00156DC	25	813.041	adjusted	457901.7798	7553678.847	586.8207674	0.680366686	0.665485721	-114.407836
K00157DC	25	818.041	adjusted	457919.245	7553670.553	586.8478984	-0.118237682	0.449661339	-114.3524291
K00158DC	25	823.041	adjusted	457935.8564	7553662.582	586.7364101	0.899656299	0.286997838	-114.5870574
K00159DC	25	828.041	adjusted	457953.3629	7553652.736	586.3458438	0.348299524	-2.409779179	-114.2092035
K00160DC	25	833.041	adjusted	457970.904	7553643.283	586.9227571	-0.11942735	-0.498046276	-114.170939
K00161DC	25	838.054	adjusted	457987.6608	7553635.052	587.0636742	1.114834351	-1.159728631	-113.8689619
K00162DC	25	843.058	adjusted	458004.5281	7553626.635	587.0065077	1.143759551	0.794769649	-113.8405419
K00163DC	25	848.058	adjusted	458020.7838	7553618.299	586.7303196	2.179264141	2.036600869	-114.0152096
K00164DC	25	853.058	adjusted	458037.1063	7553609.786	586.0211483	1.320754681	2.295041637	-113.6898282
K00165DC	25	858.058	adjusted	458047.9144	7553604.977	586.0652902	-5.411595522	-2.43724418	13.83317052
K00166DC	25	863.058	adjusted	458045.6723	7553616.52	586.2046983	-2.427683799	-1.652616781	13.28403326
K00167DC	25	868.058	adjusted	458040.8086	7553634.891	585.300928	4.550649537	3.613844542	33.09278752
K00168DC	25	873.068	adjusted	458039.3071	7553640.09	585.4810487	4.30604394	-3.2022221	156.4087524
K00169DC	25	878.058	adjusted	458034.2492	7553627.93	586.069891	3.472087515	-3.639908737	156.2250145
K00170DC	25	883.058	adjusted	458026.3354	7553610.661	585.5580938	1.515196186	-3.549426666	156.4537955
K00171DC	25	888.058	adjusted	458018.5574	7553593.618	585.4062441	1.914223678	-3.597221822	156.2351051
K00172DC	25	893.058	adjusted	458010.3345	7553576.379	584.7978405	1.321443452	-3.885936283	157.00581
K00173DC	25	898.06	adjusted	458001.902	7553558.809	584.7669048	0.471056342	-3.606598803	157.5174211
K00174DC	25	903.06	adjusted	457993.8803	7553541.638	585.0488865	1.373998616	-3.4615401	157.5299183
K00175DC	25	908.06	adjusted	457985.6728	7553524.083	585.103358	1.588072726	-2.976717172	157.8770535
K00176DC	25	913.07	adjusted	457976.6841	7553514.439	584.8548154	-4.049444154	-3.911568269	66.45808682
K00177DC	25	918.06	adjusted	457961.9137	7553520.219	583.2017575	-3.168886191	-2.940482023	67.47065143
K00178DC	25	923.06	adjusted	457946.7989	7553529.086	584.4087032	-6.458094901	3.5367163	-22.42686501
K00179DC	25	928.06	adjusted	457948.6806	7553543.229	585.6529404	-4.800276608	2.626924864	-24.02244714
K00180DC	25	933.06	adjusted	457958.6019	7553559.776	585.5731517	-3.563739685	2.198032586	-25.13610783
K00181DC	25	938.06	adjusted	457963.4885	7553575.124	585.927247	-5.966333606	-0.928870092	-25.71921776
K00182DC	25	943.06	adjusted	457974.1929	7553593.6	586.5291332	-4.775965969	-0.40251928	-26.24410916
K00183DC	25	948.06	adjusted	457982.6822	7553610.531	586.0389081	-5.143891436	0.836596572	-26.67070435
K00184DC	25	953.06	adjusted	457990.7974	7553626.364	586.0304513	-6.360736226	0.996569247	-27.27915032
K00185DC	25	1054.492	adjusted	457924.2105	7553667.379	585.3540602	-7.201205689	0.664369818	-26.7840897
K00186DC	25	1059.492	adjusted	457932.6794	7553684.234	585.9869693	-0.991239264	-4.247956987	-21.73260166
K00187DC	25	1064.482	adjusted	457929.2068	7553693.868	585.8958806	-3.30585001	-6.628249979	67.00994758
K00188DC	25	1069.482	adjusted	457913.7005	7553700.158	585.2907691	-6.096881707	-5.237802254	67.35577912
K00189DC	25	1074.482	adjusted	457899.1564	7553699.931	584.2378319	-4.544763302	-0.342126881	156.2741203
K00190DC	25	1079.489	adjusted	457891.1873	7553686.935	583.8189272	-1.127116333	-3.840159168	156.8466538
K00191DC	25	1084.489	adjusted	457883.3481	7553668.727	584.1761543	-2.877044856	-4.614120092	156.88923
K00192DC	25	1089.496	adjusted	457873.9829	7553650.458	584.1821075	-1.388668508	-3.534358935	157.1557484
K00193DC	25	1094.496	adjusted	457866.0602	7553633.539	584.2973411	-0.236133393	-4.055321565	157.0272316
K00194DC	25	1099.496	adjusted	457856.6983	7553615.834	584.2207012	-1.053502388	-4.48481127	156.5958459
K00195DC	25	1104.496	adjusted	457848.5236	7553598.115	583.7580783	-0.304996429	-3.655183371	156.765182
K00196DC	25	1109.506	adjusted	457841.0939	7553582.728	582.8249314	-9.508375212	0.710180756	63.89379798
K00197DC	25	1114.496	adjusted	457829.8462	7553584.191	584.5189237	-6.720225353	-5.364387954	65.85815823
K00198DC	25	1119.503	adjusted	457813.5521	7553592.814	584.3304071	-4.898697127	-6.472684427	67.35622655
K00199DC	25	1124.51	adjusted	457806.7871	7553601.504	585.3206745	-6.380999917	1.753548544	-22.64801848
K00200DC	25	1129.51	adjusted	457813.9685	7553616.256	585.5377864	-6.669801715	0.071419768	-23.92248146
K00201DC	25	1134.51	adjusted	457822.4997	7553633.629	585.5870851	-7.707630371	-0.74450186	-25.09928924
K00202DC	25	1139.517	adjusted	457831.4107	7553652.422	585.6360029	-8.015075555	-1.276336318	-26.0193162
K00203DC	25	1144.524	adjusted	457840.3529	7553670.583	585.8015813	-5.523923513	-1.72823017	-26.29274604
K00204DC	25	1149.524	adjusted	457849.4544	7553688.748	585.7824177	-5.665536286	-1.746555246	-26.01765478
K00205DC	25	1154.531	adjusted	457857.9449	7553705.948	585.6023109	-6.50981811	0.360487329	-26.35835718
K00206DC	25	1159.548	adjusted	457862.8746	7553720.536	584.8854065	-2.564255005	-9.749988657	67.03938732
K00207DC	25	1164.538	adjusted	457850.963	7553727.597	584.236779	-3.793664517	-5.931078806	67.31789683
K00208DC	25	1169.545	adjusted	457832.8009	7553733.077	583.3325039	5.829602118	-0.372977288	126.5928933
K00209DC	25	1174.552	adjusted	457821.9405	7553724.772	581.9400286	1.473178549	-3.20111005	156.5143456
K00210DC	25	1179.552	adjusted	457814.6731	7553707.739	581.930766	0.614464545	-6.473631358	156.4601962
K00211DC	25	1184.559	adjusted	457805.9432	7553689.977	581.835386	-0.390689311	-5.51302201	156.632404
K00212DC	25	1189.566	adjusted	457797.4836	7553671.467	581.7716506	0.75519562	-4.61975036	156.7879833
K00213DC	25	1194.566	adjusted	457789.3728	7553653.825	582.6302173	1.805753065	-5.401113139	157.5870452
K00214DC	25	1199.572	adjusted	457780.4193	7553635.427	582.8399484	1.93228625	-4.854523034	158.466512
K00215DC	25	1204.572	adjusted	457771.1873	7553617.844	582.9751334	-9.287926137	0.370934185	129.7846352
K00216DC	25	1209.582	adjusted	457760.6625	7553616.201	583.0429014	-4.903559647	-7.142180776	67.4175778
K00217DC	25	1214.572	adjusted	457744.7305	7553624.56	582.4928337	-1.753389369	-5.893149349	68.19441431
K00218DC	25	1219.572	adjusted	457736.2046	7553634.955	581.9705019	-0.277971145	-0.137580405	-23.12870013
K00219DC	25	1224.572	adjusted	457741.2649	7553647.634	581.9637848	-6.91736608	-0.605296663	-23.63505607
K00220DC	25	1229.572	adjusted	457750.1288	7553664.514	582.9734491	-6.246907548	-1.683419535	-24.81497596
K00221DC	25	1234.579	adjusted	457758.317	7553683.327	583.3203531	-3.891145246	0.135529098	-25.94382859
K00222DC	25	1239.579	adjusted	457767.2317	7553699.927	583.7452087	-5.722623226	-1.79611796	-26.10809836
K00223DC	25	1244.586	adjusted	457775.4313	7553715.505	583.8220582	5.577730302	-2.538789336	-25.80284203
K00224DC	25	1249.593	adjusted	457784.8089	7553709.873	584.3004716	0.899811614	-0.309219117	-25.61566493
K00225DC	25	1254.593	adjusted	457799.0676	7553697.912	584.9468897	0.00394338	-0.92466645	-25.63555652
K00226DC	25	1259.6	adjusted	457814.8498	7553685.463	585.2333496	0.177641081	-1.351502374	-25.80697835
K00227DC	25	1264.6	adjusted	457830.7325	7553672.277	585.1185609	0.444211626	-1.237277259	-25.77442557
K00228DC	25	1269.6	adjusted	457846.3269	7553660.085	585.4447533	0.133971313	-0.104663487	-25.64927511
K00229DC	25	1274.606	adjusted	457861.8003	7553646.624	585.0660122	0.556218891	-0.911014421	-25.63084005
K00230DC	25	1279.623	adjusted	457875.4072	7553634.907	584.8185168	1.761501169	-1.369285152	-25.75960237
K00231DC	25	1284.613	adjusted	457891.3503	7553622.044	585.0934956	1.494821873	-0.889792171	-25.79010049
K00232DC	25	1289.613	adjusted	457906.0888	7553609.539	584.9942423	1.47679253	-0.904120064	-25.71065572
K00233DC	25	1294.62	adjusted	457920.6879	7553597.85	584.9898631	0.168522337	-1.979253047	-25.74964824
K00234DC	25	1299.627	adjusted	457927.4864	7553591.208	584.8110567	-0.34922565	-3.370976142	-25.06289664
K00235DC	25	1304.627	adjusted	457927.3265	7553591.498	580.0846135	-0.22914983	-3.669763578	-25.38909553
K00236DC	25	1309.627	adjusted	457927.1643	7553591.633	572.7133569	-2.235386598	-2.43559178	-25.37611124
K00237DC	25	1314.634	adjusted	457926.9524	7553590.644	565.4434662	-3.005522702	-2.203913842	-24.81770145
K00238DC	25	1319.634	adjusted	457927.7429	7553591.047	557.9662373	-3.309950253	-3.279698835	-25.13253505
K00239DC	25	1324.641	adjusted	457928.1805	7553590.894	549.5599653	-1.770600431	-2.613740154	-24.65883679
K00240DC	25	1329.646	adjusted	457928.7761	7553590.889	541.7219208	-0.643479389	-1.468074794	-26.54682353
K00241DC	25	1334.646	adjusted	457928.609	7553590.687	534.6537429	-2.05417291	-2.863862305	-26.41826974
K00242DC	25	1339.653	adjusted	457928.598	7553591.093	526.9005582	-2.483874131	-2.89400084	-26.06804863
K00243DC	25	1344.661	adjusted	457928.473	7553591.729	519.7816369	-3.353643797	-2.019683637	-26.80357433
K00244DC	25	1349.661	adjusted	457928.2355	7553592.109	511.961869	-3.442523123	-3.426674185	-26.64004426
K00245DC	25	1354.661	adjusted	457927.5302	7553592.607	503.7314693	-1.753480664	-2.958753721	-26.88316588
K00246DC	25	1359.669	adjusted	457927.7404	7553592.513	496.3050072	-2.847436075	-3.338987034	-26.72027507
K00247DC	25	1364.669	adjusted	457927.6116	7553592.648	488.9227434	-4.882949341	-2.563007455	-27.04592101
