ima_id	band	rel_a	rel_b	sd_rela	sd_relb	sd_dn	sunzen	sunaz
rad 1 0
K00126DC	3	1,00	0,00	0,05	0,00	0,20	0,00	0,00
K00127DC	3	1,00	0,00	0,05	0,00	0,20	0,00	0,00
K00128DC	3	1,00	0,00	0,05	0,00	0,20	0,00	0,00
K00129DC	3	1,00	0,00	0,05	0,00	0,20	0,00	0,00
K00130DC	3	1,00	0,00	0,05	0,00	0,20	0,00	0,00
K00131DC	3	1,00	0,00	0,05	0,00	0,20	0,00	0,00
K00132DC	3	1,00	0,00	0,05	0,00	0,20	0,00	0,00
K00133DC	3	1,00	0,00	0,05	0,00	0,20	0,00	0,00
K00134DC	3	1,00	0,00	0,05	0,00	0,20	0,00	0,00
K00135DC	3	1,00	0,00	0,05	0,00	0,20	0,00	0,00
K00136DC	3	1,00	0,00	0,05	0,00	0,20	0,00	0,00
K00137DC	3	1,00	0,00	0,05	0,00	0,20	0,00	0,00
K00138DC	3	1,00	0,00	0,05	0,00	0,20	0,00	0,00
K00139DC	3	1,00	0,00	0,05	0,00	0,20	0,00	0,00
K00140DC	3	1,00	0,00	0,05	0,00	0,20	0,00	0,00
K00141DC	3	1,00	0,00	0,05	0,00	0,20	0,00	0,00
K00142DC	3	1,00	0,00	0,05	0,00	0,20	0,00	0,00
K00143DC	3	1,00	0,00	0,05	0,00	0,20	0,00	0,00
K00144DC	3	1,00	0,00	0,05	0,00	0,20	0,00	0,00
K00145DC	3	1,00	0,00	0,05	0,00	0,20	0,00	0,00
K00146DC	3	1,00	0,00	0,05	0,00	0,20	0,00	0,00
K00147DC	3	1,00	0,00	0,05	0,00	0,20	0,00	0,00
K00148DC	3	1,00	0,00	0,05	0,00	0,20	0,00	0,00
K00149DC	3	1,00	0,00	0,05	0,00	0,20	0,00	0,00
K00150DC	3	1,00	0,00	0,05	0,00	0,20	0,00	0,00
K00151DC	3	1,00	0,00	0,05	0,00	0,20	0,00	0,00
K00152DC	3	1,00	0,00	0,05	0,00	0,20	0,00	0,00
K00153DC	3	1,00	0,00	0,05	0,00	0,20	0,00	0,00
K00154DC	3	1,00	0,00	0,05	0,00	0,20	0,00	0,00
K00155DC	3	1,00	0,00	0,05	0,00	0,20	0,00	0,00
K00156DC	3	1,00	0,00	0,05	0,00	0,20	0,00	0,00
K00157DC	3	1,00	0,00	0,05	0,00	0,20	0,00	0,00
K00158DC	3	1,00	0,00	0,05	0,00	0,20	0,00	0,00
K00159DC	3	1,00	0,00	0,05	0,00	0,20	0,00	0,00
K00160DC	3	1,00	0,00	0,05	0,00	0,20	0,00	0,00
K00161DC	3	1,00	0,00	0,05	0,00	0,20	0,00	0,00
K00162DC	3	1,00	0,00	0,05	0,00	0,20	0,00	0,00
K00163DC	3	1,00	0,00	0,05	0,00	0,20	0,00	0,00
K00164DC	3	1,00	0,00	0,05	0,00	0,20	0,00	0,00
K00165DC	3	1,00	0,00	0,05	0,00	0,20	0,00	0,00
K00166DC	3	1,00	0,00	0,05	0,00	0,20	0,00	0,00
K00167DC	3	1,00	0,00	0,05	0,00	0,20	0,00	0,00
K00168DC	3	1,00	0,00	0,05	0,00	0,20	0,00	0,00
K00169DC	3	1,00	0,00	0,05	0,00	0,20	0,00	0,00
K00170DC	3	1,00	0,00	0,05	0,00	0,20	0,00	0,00
K00171DC	3	1,00	0,00	0,05	0,00	0,20	0,00	0,00
K00172DC	3	1,00	0,00	0,05	0,00	0,20	0,00	0,00
K00173DC	3	1,00	0,00	0,05	0,00	0,20	0,00	0,00
K00174DC	3	1,00	0,00	0,05	0,00	0,20	0,00	0,00
K00175DC	3	1,00	0,00	0,05	0,00	0,20	0,00	0,00
K00176DC	3	1,00	0,00	0,05	0,00	0,20	0,00	0,00
K00177DC	3	1,00	0,00	0,05	0,00	0,20	0,00	0,00
K00178DC	3	1,00	0,00	0,05	0,00	0,20	0,00	0,00
K00179DC	3	1,00	0,00	0,05	0,00	0,20	0,00	0,00
K00180DC	3	1,00	0,00	0,05	0,00	0,20	0,00	0,00
K00181DC	3	1,00	0,00	0,05	0,00	0,20	0,00	0,00
K00182DC	3	1,00	0,00	0,05	0,00	0,20	0,00	0,00
K00183DC	3	1,00	0,00	0,05	0,00	0,20	0,00	0,00
K00184DC	3	1,00	0,00	0,05	0,00	0,20	0,00	0,00
K00185DC	3	1,00	0,00	0,05	0,00	0,20	0,00	0,00
K00186DC	3	1,00	0,00	0,05	0,00	0,20	0,00	0,00
K00187DC	3	1,00	0,00	0,05	0,00	0,20	0,00	0,00
K00188DC	3	1,00	0,00	0,05	0,00	0,20	0,00	0,00
K00189DC	3	1,00	0,00	0,05	0,00	0,20	0,00	0,00
K00190DC	3	1,00	0,00	0,05	0,00	0,20	0,00	0,00
K00191DC	3	1,00	0,00	0,05	0,00	0,20	0,00	0,00
K00192DC	3	1,00	0,00	0,05	0,00	0,20	0,00	0,00
K00193DC	3	1,00	0,00	0,05	0,00	0,20	0,00	0,00
K00194DC	3	1,00	0,00	0,05	0,00	0,20	0,00	0,00
K00195DC	3	1,00	0,00	0,05	0,00	0,20	0,00	0,00
K00196DC	3	1,00	0,00	0,05	0,00	0,20	0,00	0,00
K00197DC	3	1,00	0,00	0,05	0,00	0,20	0,00	0,00
K00198DC	3	1,00	0,00	0,05	0,00	0,20	0,00	0,00
K00199DC	3	1,00	0,00	0,05	0,00	0,20	0,00	0,00
K00200DC	3	1,00	0,00	0,05	0,00	0,20	0,00	0,00
K00201DC	3	1,00	0,00	0,05	0,00	0,20	0,00	0,00
K00202DC	3	1,00	0,00	0,05	0,00	0,20	0,00	0,00
K00203DC	3	1,00	0,00	0,05	0,00	0,20	0,00	0,00
K00204DC	3	1,00	0,00	0,05	0,00	0,20	0,00	0,00
K00205DC	3	1,00	0,00	0,05	0,00	0,20	0,00	0,00
K00206DC	3	1,00	0,00	0,05	0,00	0,20	0,00	0,00
K00207DC	3	1,00	0,00	0,05	0,00	0,20	0,00	0,00
K00208DC	3	1,00	0,00	0,05	0,00	0,20	0,00	0,00
K00209DC	3	1,00	0,00	0,05	0,00	0,20	0,00	0,00
K00210DC	3	1,00	0,00	0,05	0,00	0,20	0,00	0,00
K00211DC	3	1,00	0,00	0,05	0,00	0,20	0,00	0,00
K00212DC	3	1,00	0,00	0,05	0,00	0,20	0,00	0,00
K00213DC	3	1,00	0,00	0,05	0,00	0,20	0,00	0,00
K00214DC	3	1,00	0,00	0,05	0,00	0,20	0,00	0,00
K00215DC	3	1,00	0,00	0,05	0,00	0,20	0,00	0,00
K00216DC	3	1,00	0,00	0,05	0,00	0,20	0,00	0,00
K00217DC	3	1,00	0,00	0,05	0,00	0,20	0,00	0,00
K00218DC	3	1,00	0,00	0,05	0,00	0,20	0,00	0,00
K00219DC	3	1,00	0,00	0,05	0,00	0,20	0,00	0,00
K00220DC	3	1,00	0,00	0,05	0,00	0,20	0,00	0,00
K00221DC	3	1,00	0,00	0,05	0,00	0,20	0,00	0,00
K00222DC	3	1,00	0,00	0,05	0,00	0,20	0,00	0,00
K00223DC	3	1,00	0,00	0,05	0,00	0,20	0,00	0,00
K00224DC	3	1,00	0,00	0,05	0,00	0,20	0,00	0,00
K00225DC	3	1,00	0,00	0,05	0,00	0,20	0,00	0,00
K00226DC	3	1,00	0,00	0,05	0,00	0,20	0,00	0,00
K00227DC	3	1,00	0,00	0,05	0,00	0,20	0,00	0,00
K00228DC	3	1,00	0,00	0,05	0,00	0,20	0,00	0,00
K00229DC	3	1,00	0,00	0,05	0,00	0,20	0,00	0,00
K00230DC	3	1,00	0,00	0,05	0,00	0,20	0,00	0,00
K00231DC	3	1,00	0,00	0,05	0,00	0,20	0,00	0,00
K00232DC	3	1,00	0,00	0,05	0,00	0,20	0,00	0,00
K00233DC	3	1,00	0,00	0,05	0,00	0,20	0,00	0,00
K00234DC	3	1,00	0,00	0,05	0,00	0,20	0,00	0,00
K00235DC	3	1,00	0,00	0,05	0,00	0,20	0,00	0,00
K00236DC	3	1,00	0,00	0,05	0,00	0,20	0,00	0,00
K00237DC	3	1,00	0,00	0,05	0,00	0,20	0,00	0,00
K00238DC	3	1,00	0,00	0,05	0,00	0,20	0,00	0,00
K00239DC	3	1,00	0,00	0,05	0,00	0,20	0,00	0,00
K00240DC	3	1,00	0,00	0,05	0,00	0,20	0,00	0,00
K00241DC	3	1,00	0,00	0,05	0,00	0,20	0,00	0,00
K00242DC	3	1,00	0,00	0,05	0,00	0,20	0,00	0,00
K00243DC	3	1,00	0,00	0,05	0,00	0,20	0,00	0,00
K00244DC	3	1,00	0,00	0,05	0,00	0,20	0,00	0,00
K00245DC	3	1,00	0,00	0,05	0,00	0,20	0,00	0,00
K00246DC	3	1,00	0,00	0,05	0,00	0,20	0,00	0,00
K00247DC	3	1,00	0,00	0,05	0,00	0,20	0,00	0,00
K00248DC	3	1,00	0,00	0,05	0,00	0,20	0,00	0,00
K00249DC	3	1,00	0,00	0,05	0,00	0,20	0,00	0,00
K00250DC	3	1,00	0,00	0,05	0,00	0,20	0,00	0,00
K00251DC	3	1,00	0,00	0,05	0,00	0,20	0,00	0,00
K00252DC	3	1,00	0,00	0,05	0,00	0,20	0,00	0,00
K00253DC	3	1,00	0,00	0,05	0,00	0,20	0,00	0,00
K00256DC	3	1,00	0,00	0,05	0,00	0,20	0,00	0,00
K00257DC	3	1,00	0,00	0,05	0,00	0,20	0,00	0,00
K00258DC	3	1,00	0,00	0,05	0,00	0,20	0,00	0,00
K00259DC	3	1,00	0,00	0,05	0,00	0,20	0,00	0,00
K00260DC	3	1,00	0,00	0,05	0,00	0,20	0,00	0,00
K00261DC	3	1,00	0,00	0,05	0,00	0,20	0,00	0,00
K00262DC	3	1,00	0,00	0,05	0,00	0,20	0,00	0,00
K00263DC	3	1,00	0,00	0,05	0,00	0,20	0,00	0,00
K00264DC	3	1,00	0,00	0,05	0,00	0,20	0,00	0,00
K00265DC	3	1,00	0,00	0,05	0,00	0,20	0,00	0,00
K00266DC	3	1,00	0,00	0,05	0,00	0,20	0,00	0,00
K00267DC	3	1,00	0,00	0,05	0,00	0,20	0,00	0,00
K00268DC	3	1,00	0,00	0,05	0,00	0,20	0,00	0,00
K00269DC	3	1,00	0,00	0,05	0,00	0,20	0,00	0,00
K00270DC	3	1,00	0,00	0,05	0,00	0,20	0,00	0,00
K00271DC	3	1,00	0,00	0,05	0,00	0,20	0,00	0,00
K00272DC	3	1,00	0,00	0,05	0,00	0,20	0,00	0,00
K00273DC	3	1,00	0,00	0,05	0,00	0,20	0,00	0,00
K00274DC	3	1,00	0,00	0,05	0,00	0,20	0,00	0,00
K00275DC	3	1,00	0,00	0,05	0,00	0,20	0,00	0,00
K00276DC	3	1,00	0,00	0,05	0,00	0,20	0,00	0,00
K00277DC	3	1,00	0,00	0,05	0,00	0,20	0,00	0,00
K00278DC	3	1,00	0,00	0,05	0,00	0,20	0,00	0,00
K00279DC	3	1,00	0,00	0,05	0,00	0,20	0,00	0,00
K00280DC	3	1,00	0,00	0,05	0,00	0,20	0,00	0,00
K00281DC	3	1,00	0,00	0,05	0,00	0,20	0,00	0,00
K00282DC	3	1,00	0,00	0,05	0,00	0,20	0,00	0,00
K00283DC	3	1,00	0,00	0,05	0,00	0,20	0,00	0,00
K00284DC	3	1,00	0,00	0,05	0,00	0,20	0,00	0,00
K00285DC	3	1,00	0,00	0,05	0,00	0,20	0,00	0,00
K00286DC	3	1,00	0,00	0,05	0,00	0,20	0,00	0,00
K00287DC	3	1,00	0,00	0,05	0,00	0,20	0,00	0,00
K00288DC	3	1,00	0,00	0,05	0,00	0,20	0,00	0,00
K00289DC	3	1,00	0,00	0,05	0,00	0,20	0,00	0,00
K00290DC	3	1,00	0,00	0,05	0,00	0,20	0,00	0,00
K00291DC	3	1,00	0,00	0,05	0,00	0,20	0,00	0,00
K00292DC	3	1,00	0,00	0,05	0,00	0,20	0,00	0,00
K00293DC	3	1,00	0,00	0,05	0,00	0,20	0,00	0,00
K00294DC	3	1,00	0,00	0,05	0,00	0,20	0,00	0,00
K00295DC	3	1,00	0,00	0,05	0,00	0,20	0,00	0,00
K00296DC	3	1,00	0,00	0,05	0,00	0,20	0,00	0,00
K00297DC	3	1,00	0,00	0,05	0,00	0,20	0,00	0,00
K00298DC	3	1,00	0,00	0,05	0,00	0,20	0,00	0,00
K00299DC	3	1,00	0,00	0,05	0,00	0,20	0,00	0,00
K00300DC	3	1,00	0,00	0,05	0,00	0,20	0,00	0,00
K00301DC	3	1,00	0,00	0,05	0,00	0,20	0,00	0,00
K00302DC	3	1,00	0,00	0,05	0,00	0,20	0,00	0,00
K00303DC	3	1,00	0,00	0,05	0,00	0,20	0,00	0,00
K00304DC	3	1,00	0,00	0,05	0,00	0,20	0,00	0,00
K00305DC	3	1,00	0,00	0,05	0,00	0,20	0,00	0,00
K00306DC	3	1,00	0,00	0,05	0,00	0,20	0,00	0,00
K00307DC	3	1,00	0,00	0,05	0,00	0,20	0,00	0,00
K00308DC	3	1,00	0,00	0,05	0,00	0,20	0,00	0,00
K00309DC	3	1,00	0,00	0,05	0,00	0,20	0,00	0,00
K00310DC	3	1,00	0,00	0,05	0,00	0,20	0,00	0,00
K00311DC	3	1,00	0,00	0,05	0,00	0,20	0,00	0,00
K00312DC	3	1,00	0,00	0,05	0,00	0,20	0,00	0,00
K00313DC	3	1,00	0,00	0,05	0,00	0,20	0,00	0,00
K00314DC	3	1,00	0,00	0,05	0,00	0,20	0,00	0,00
K00315DC	3	1,00	0,00	0,05	0,00	0,20	0,00	0,00
K00316DC	3	1,00	0,00	0,05	0,00	0,20	0,00	0,00
K00317DC	3	1,00	0,00	0,05	0,00	0,20	0,00	0,00
K00318DC	3	1,00	0,00	0,05	0,00	0,20	0,00	0,00
K00319DC	3	1,00	0,00	0,05	0,00	0,20	0,00	0,00
K00320DC	3	1,00	0,00	0,05	0,00	0,20	0,00	0,00
K00321DC	3	1,00	0,00	0,05	0,00	0,20	0,00	0,00
K00322DC	3	1,00	0,00	0,05	0,00	0,20	0,00	0,00
K00323DC	3	1,00	0,00	0,05	0,00	0,20	0,00	0,00
K00324DC	3	1,00	0,00	0,05	0,00	0,20	0,00	0,00
K00325DC	3	1,00	0,00	0,05	0,00	0,20	0,00	0,00
K00326DC	3	1,00	0,00	0,05	0,00	0,20	0,00	0,00
K00327DC	3	1,00	0,00	0,05	0,00	0,20	0,00	0,00
K00328DC	3	1,00	0,00	0,05	0,00	0,20	0,00	0,00
K00329DC	3	1,00	0,00	0,05	0,00	0,20	0,00	0,00
K00330DC	3	1,00	0,00	0,05	0,00	0,20	0,00	0,00
K00331DC	3	1,00	0,00	0,05	0,00	0,20	0,00	0,00
K00332DC	3	1,00	0,00	0,05	0,00	0,20	0,00	0,00
K00333DC	3	1,00	0,00	0,05	0,00	0,20	0,00	0,00
K00334DC	3	1,00	0,00	0,05	0,00	0,20	0,00	0,00
K00335DC	3	1,00	0,00	0,05	0,00	0,20	0,00	0,00
K00336DC	3	1,00	0,00	0,05	0,00	0,20	0,00	0,00
K00337DC	3	1,00	0,00	0,05	0,00	0,20	0,00	0,00
K00338DC	3	1,00	0,00	0,05	0,00	0,20	0,00	0,00
K00339DC	3	1,00	0,00	0,05	0,00	0,20	0,00	0,00
K00340DC	3	1,00	0,00	0,05	0,00	0,20	0,00	0,00
K00341DC	3	1,00	0,00	0,05	0,00	0,20	0,00	0,00
K00342DC	3	1,00	0,00	0,05	0,00	0,20	0,00	0,00
K00343DC	3	1,00	0,00	0,05	0,00	0,20	0,00	0,00
K00344DC	3	1,00	0,00	0,05	0,00	0,20	0,00	0,00
K00345DC	3	1,00	0,00	0,05	0,00	0,20	0,00	0,00
K00346DC	3	1,00	0,00	0,05	0,00	0,20	0,00	0,00
K00347DC	3	1,00	0,00	0,05	0,00	0,20	0,00	0,00
K00348DC	3	1,00	0,00	0,05	0,00	0,20	0,00	0,00
K00349DC	3	1,00	0,00	0,05	0,00	0,20	0,00	0,00
K00350DC	3	1,00	0,00	0,05	0,00	0,20	0,00	0,00
K00351DC	3	1,00	0,00	0,05	0,00	0,20	0,00	0,00
K00352DC	3	1,00	0,00	0,05	0,00	0,20	0,00	0,00
K00353DC	3	1,00	0,00	0,05	0,00	0,20	0,00	0,00
K00354DC	3	1,00	0,00	0,05	0,00	0,20	0,00	0,00
K00355DC	3	1,00	0,00	0,05	0,00	0,20	0,00	0,00
K00356DC	3	1,00	0,00	0,05	0,00	0,20	0,00	0,00
K00357DC	3	1,00	0,00	0,05	0,00	0,20	0,00	0,00
K00358DC	3	1,00	0,00	0,05	0,00	0,20	0,00	0,00
K00359DC	3	1,00	0,00	0,05	0,00	0,20	0,00	0,00
K00360DC	3	1,00	0,00	0,05	0,00	0,20	0,00	0,00
K00361DC	3	1,00	0,00	0,05	0,00	0,20	0,00	0,00
K00362DC	3	1,00	0,00	0,05	0,00	0,20	0,00	0,00
K00363DC	3	1,00	0,00	0,05	0,00	0,20	0,00	0,00
K00364DC	3	1,00	0,00	0,05	0,00	0,20	0,00	0,00
K00365DC	3	1,00	0,00	0,05	0,00	0,20	0,00	0,00
K00366DC	3	1,00	0,00	0,05	0,00	0,20	0,00	0,00
K00367DC	3	1,00	0,00	0,05	0,00	0,20	0,00	0,00
K00368DC	3	1,00	0,00	0,05	0,00	0,20	0,00	0,00
K00369DC	3	1,00	0,00	0,05	0,00	0,20	0,00	0,00
K00370DC	3	1,00	0,00	0,05	0,00	0,20	0,00	0,00
K00371DC	3	1,00	0,00	0,05	0,00	0,20	0,00	0,00
K00372DC	3	1,00	0,00	0,05	0,00	0,20	0,00	0,00
K00373DC	3	1,00	0,00	0,05	0,00	0,20	0,00	0,00
K00374DC	3	1,00	0,00	0,05	0,00	0,20	0,00	0,00
K00375DC	3	1,00	0,00	0,05	0,00	0,20	0,00	0,00
K00376DC	3	1,00	0,00	0,05	0,00	0,20	0,00	0,00
K00126DC	8	1,00	0,00	0,05	0,00	0,20	0,00	0,00
K00127DC	8	1,00	0,00	0,05	0,00	0,20	0,00	0,00
K00128DC	8	1,00	0,00	0,05	0,00	0,20	0,00	0,00
K00129DC	8	1,00	0,00	0,05	0,00	0,20	0,00	0,00
K00130DC	8	1,00	0,00	0,05	0,00	0,20	0,00	0,00
K00131DC	8	1,00	0,00	0,05	0,00	0,20	0,00	0,00
K00132DC	8	1,00	0,00	0,05	0,00	0,20	0,00	0,00
K00133DC	8	1,00	0,00	0,05	0,00	0,20	0,00	0,00
K00134DC	8	1,00	0,00	0,05	0,00	0,20	0,00	0,00
K00135DC	8	1,00	0,00	0,05	0,00	0,20	0,00	0,00
K00136DC	8	1,00	0,00	0,05	0,00	0,20	0,00	0,00
K00137DC	8	1,00	0,00	0,05	0,00	0,20	0,00	0,00
K00138DC	8	1,00	0,00	0,05	0,00	0,20	0,00	0,00
K00139DC	8	1,00	0,00	0,05	0,00	0,20	0,00	0,00
K00140DC	8	1,00	0,00	0,05	0,00	0,20	0,00	0,00
K00141DC	8	1,00	0,00	0,05	0,00	0,20	0,00	0,00
K00142DC	8	1,00	0,00	0,05	0,00	0,20	0,00	0,00
K00143DC	8	1,00	0,00	0,05	0,00	0,20	0,00	0,00
K00144DC	8	1,00	0,00	0,05	0,00	0,20	0,00	0,00
K00145DC	8	1,00	0,00	0,05	0,00	0,20	0,00	0,00
K00146DC	8	1,00	0,00	0,05	0,00	0,20	0,00	0,00
K00147DC	8	1,00	0,00	0,05	0,00	0,20	0,00	0,00
K00148DC	8	1,00	0,00	0,05	0,00	0,20	0,00	0,00
K00149DC	8	1,00	0,00	0,05	0,00	0,20	0,00	0,00
K00150DC	8	1,00	0,00	0,05	0,00	0,20	0,00	0,00
K00151DC	8	1,00	0,00	0,05	0,00	0,20	0,00	0,00
K00152DC	8	1,00	0,00	0,05	0,00	0,20	0,00	0,00
K00153DC	8	1,00	0,00	0,05	0,00	0,20	0,00	0,00
K00154DC	8	1,00	0,00	0,05	0,00	0,20	0,00	0,00
K00155DC	8	1,00	0,00	0,05	0,00	0,20	0,00	0,00
K00156DC	8	1,00	0,00	0,05	0,00	0,20	0,00	0,00
K00157DC	8	1,00	0,00	0,05	0,00	0,20	0,00	0,00
K00158DC	8	1,00	0,00	0,05	0,00	0,20	0,00	0,00
K00159DC	8	1,00	0,00	0,05	0,00	0,20	0,00	0,00
K00160DC	8	1,00	0,00	0,05	0,00	0,20	0,00	0,00
K00161DC	8	1,00	0,00	0,05	0,00	0,20	0,00	0,00
K00162DC	8	1,00	0,00	0,05	0,00	0,20	0,00	0,00
K00163DC	8	1,00	0,00	0,05	0,00	0,20	0,00	0,00
K00164DC	8	1,00	0,00	0,05	0,00	0,20	0,00	0,00
K00165DC	8	1,00	0,00	0,05	0,00	0,20	0,00	0,00
K00166DC	8	1,00	0,00	0,05	0,00	0,20	0,00	0,00
K00167DC	8	1,00	0,00	0,05	0,00	0,20	0,00	0,00
K00168DC	8	1,00	0,00	0,05	0,00	0,20	0,00	0,00
K00169DC	8	1,00	0,00	0,05	0,00	0,20	0,00	0,00
K00170DC	8	1,00	0,00	0,05	0,00	0,20	0,00	0,00
K00171DC	8	1,00	0,00	0,05	0,00	0,20	0,00	0,00
K00172DC	8	1,00	0,00	0,05	0,00	0,20	0,00	0,00
K00173DC	8	1,00	0,00	0,05	0,00	0,20	0,00	0,00
K00174DC	8	1,00	0,00	0,05	0,00	0,20	0,00	0,00
K00175DC	8	1,00	0,00	0,05	0,00	0,20	0,00	0,00
K00176DC	8	1,00	0,00	0,05	0,00	0,20	0,00	0,00
K00177DC	8	1,00	0,00	0,05	0,00	0,20	0,00	0,00
K00178DC	8	1,00	0,00	0,05	0,00	0,20	0,00	0,00
K00179DC	8	1,00	0,00	0,05	0,00	0,20	0,00	0,00
K00180DC	8	1,00	0,00	0,05	0,00	0,20	0,00	0,00
K00181DC	8	1,00	0,00	0,05	0,00	0,20	0,00	0,00
K00182DC	8	1,00	0,00	0,05	0,00	0,20	0,00	0,00
K00183DC	8	1,00	0,00	0,05	0,00	0,20	0,00	0,00
K00184DC	8	1,00	0,00	0,05	0,00	0,20	0,00	0,00
K00185DC	8	1,00	0,00	0,05	0,00	0,20	0,00	0,00
K00186DC	8	1,00	0,00	0,05	0,00	0,20	0,00	0,00
K00187DC	8	1,00	0,00	0,05	0,00	0,20	0,00	0,00
K00188DC	8	1,00	0,00	0,05	0,00	0,20	0,00	0,00
K00189DC	8	1,00	0,00	0,05	0,00	0,20	0,00	0,00
K00190DC	8	1,00	0,00	0,05	0,00	0,20	0,00	0,00
K00191DC	8	1,00	0,00	0,05	0,00	0,20	0,00	0,00
K00192DC	8	1,00	0,00	0,05	0,00	0,20	0,00	0,00
K00193DC	8	1,00	0,00	0,05	0,00	0,20	0,00	0,00
K00194DC	8	1,00	0,00	0,05	0,00	0,20	0,00	0,00
K00195DC	8	1,00	0,00	0,05	0,00	0,20	0,00	0,00
K00196DC	8	1,00	0,00	0,05	0,00	0,20	0,00	0,00
K00197DC	8	1,00	0,00	0,05	0,00	0,20	0,00	0,00
K00198DC	8	1,00	0,00	0,05	0,00	0,20	0,00	0,00
K00199DC	8	1,00	0,00	0,05	0,00	0,20	0,00	0,00
K00200DC	8	1,00	0,00	0,05	0,00	0,20	0,00	0,00
K00201DC	8	1,00	0,00	0,05	0,00	0,20	0,00	0,00
K00202DC	8	1,00	0,00	0,05	0,00	0,20	0,00	0,00
K00203DC	8	1,00	0,00	0,05	0,00	0,20	0,00	0,00
K00204DC	8	1,00	0,00	0,05	0,00	0,20	0,00	0,00
K00205DC	8	1,00	0,00	0,05	0,00	0,20	0,00	0,00
K00206DC	8	1,00	0,00	0,05	0,00	0,20	0,00	0,00
K00207DC	8	1,00	0,00	0,05	0,00	0,20	0,00	0,00
K00208DC	8	1,00	0,00	0,05	0,00	0,20	0,00	0,00
K00209DC	8	1,00	0,00	0,05	0,00	0,20	0,00	0,00
K00210DC	8	1,00	0,00	0,05	0,00	0,20	0,00	0,00
K00211DC	8	1,00	0,00	0,05	0,00	0,20	0,00	0,00
K00212DC	8	1,00	0,00	0,05	0,00	0,20	0,00	0,00
K00213DC	8	1,00	0,00	0,05	0,00	0,20	0,00	0,00
K00214DC	8	1,00	0,00	0,05	0,00	0,20	0,00	0,00
K00215DC	8	1,00	0,00	0,05	0,00	0,20	0,00	0,00
K00216DC	8	1,00	0,00	0,05	0,00	0,20	0,00	0,00
K00217DC	8	1,00	0,00	0,05	0,00	0,20	0,00	0,00
K00218DC	8	1,00	0,00	0,05	0,00	0,20	0,00	0,00
K00219DC	8	1,00	0,00	0,05	0,00	0,20	0,00	0,00
K00220DC	8	1,00	0,00	0,05	0,00	0,20	0,00	0,00
K00221DC	8	1,00	0,00	0,05	0,00	0,20	0,00	0,00
K00222DC	8	1,00	0,00	0,05	0,00	0,20	0,00	0,00
K00223DC	8	1,00	0,00	0,05	0,00	0,20	0,00	0,00
K00224DC	8	1,00	0,00	0,05	0,00	0,20	0,00	0,00
K00225DC	8	1,00	0,00	0,05	0,00	0,20	0,00	0,00
K00226DC	8	1,00	0,00	0,05	0,00	0,20	0,00	0,00
K00227DC	8	1,00	0,00	0,05	0,00	0,20	0,00	0,00
K00228DC	8	1,00	0,00	0,05	0,00	0,20	0,00	0,00
K00229DC	8	1,00	0,00	0,05	0,00	0,20	0,00	0,00
K00230DC	8	1,00	0,00	0,05	0,00	0,20	0,00	0,00
K00231DC	8	1,00	0,00	0,05	0,00	0,20	0,00	0,00
K00232DC	8	1,00	0,00	0,05	0,00	0,20	0,00	0,00
K00233DC	8	1,00	0,00	0,05	0,00	0,20	0,00	0,00
K00234DC	8	1,00	0,00	0,05	0,00	0,20	0,00	0,00
K00235DC	8	1,00	0,00	0,05	0,00	0,20	0,00	0,00
K00236DC	8	1,00	0,00	0,05	0,00	0,20	0,00	0,00
K00237DC	8	1,00	0,00	0,05	0,00	0,20	0,00	0,00
K00238DC	8	1,00	0,00	0,05	0,00	0,20	0,00	0,00
K00239DC	8	1,00	0,00	0,05	0,00	0,20	0,00	0,00
K00240DC	8	1,00	0,00	0,05	0,00	0,20	0,00	0,00
K00241DC	8	1,00	0,00	0,05	0,00	0,20	0,00	0,00
K00242DC	8	1,00	0,00	0,05	0,00	0,20	0,00	0,00
K00243DC	8	1,00	0,00	0,05	0,00	0,20	0,00	0,00
K00244DC	8	1,00	0,00	0,05	0,00	0,20	0,00	0,00
K00245DC	8	1,00	0,00	0,05	0,00	0,20	0,00	0,00
K00246DC	8	1,00	0,00	0,05	0,00	0,20	0,00	0,00
K00247DC	8	1,00	0,00	0,05	0,00	0,20	0,00	0,00
K00248DC	8	1,00	0,00	0,05	0,00	0,20	0,00	0,00
K00249DC	8	1,00	0,00	0,05	0,00	0,20	0,00	0,00
K00250DC	8	1,00	0,00	0,05	0,00	0,20	0,00	0,00
K00251DC	8	1,00	0,00	0,05	0,00	0,20	0,00	0,00
K00252DC	8	1,00	0,00	0,05	0,00	0,20	0,00	0,00
K00253DC	8	1,00	0,00	0,05	0,00	0,20	0,00	0,00
K00256DC	8	1,00	0,00	0,05	0,00	0,20	0,00	0,00
K00257DC	8	1,00	0,00	0,05	0,00	0,20	0,00	0,00
K00258DC	8	1,00	0,00	0,05	0,00	0,20	0,00	0,00
K00259DC	8	1,00	0,00	0,05	0,00	0,20	0,00	0,00
K00260DC	8	1,00	0,00	0,05	0,00	0,20	0,00	0,00
K00261DC	8	1,00	0,00	0,05	0,00	0,20	0,00	0,00
K00262DC	8	1,00	0,00	0,05	0,00	0,20	0,00	0,00
K00263DC	8	1,00	0,00	0,05	0,00	0,20	0,00	0,00
K00264DC	8	1,00	0,00	0,05	0,00	0,20	0,00	0,00
K00265DC	8	1,00	0,00	0,05	0,00	0,20	0,00	0,00
K00266DC	8	1,00	0,00	0,05	0,00	0,20	0,00	0,00
K00267DC	8	1,00	0,00	0,05	0,00	0,20	0,00	0,00
K00268DC	8	1,00	0,00	0,05	0,00	0,20	0,00	0,00
K00269DC	8	1,00	0,00	0,05	0,00	0,20	0,00	0,00
K00270DC	8	1,00	0,00	0,05	0,00	0,20	0,00	0,00
K00271DC	8	1,00	0,00	0,05	0,00	0,20	0,00	0,00
K00272DC	8	1,00	0,00	0,05	0,00	0,20	0,00	0,00
K00273DC	8	1,00	0,00	0,05	0,00	0,20	0,00	0,00
K00274DC	8	1,00	0,00	0,05	0,00	0,20	0,00	0,00
K00275DC	8	1,00	0,00	0,05	0,00	0,20	0,00	0,00
K00276DC	8	1,00	0,00	0,05	0,00	0,20	0,00	0,00
K00277DC	8	1,00	0,00	0,05	0,00	0,20	0,00	0,00
K00278DC	8	1,00	0,00	0,05	0,00	0,20	0,00	0,00
K00279DC	8	1,00	0,00	0,05	0,00	0,20	0,00	0,00
K00280DC	8	1,00	0,00	0,05	0,00	0,20	0,00	0,00
K00281DC	8	1,00	0,00	0,05	0,00	0,20	0,00	0,00
K00282DC	8	1,00	0,00	0,05	0,00	0,20	0,00	0,00
K00283DC	8	1,00	0,00	0,05	0,00	0,20	0,00	0,00
K00284DC	8	1,00	0,00	0,05	0,00	0,20	0,00	0,00
K00285DC	8	1,00	0,00	0,05	0,00	0,20	0,00	0,00
K00286DC	8	1,00	0,00	0,05	0,00	0,20	0,00	0,00
K00287DC	8	1,00	0,00	0,05	0,00	0,20	0,00	0,00
K00288DC	8	1,00	0,00	0,05	0,00	0,20	0,00	0,00
K00289DC	8	1,00	0,00	0,05	0,00	0,20	0,00	0,00
K00290DC	8	1,00	0,00	0,05	0,00	0,20	0,00	0,00
K00291DC	8	1,00	0,00	0,05	0,00	0,20	0,00	0,00
K00292DC	8	1,00	0,00	0,05	0,00	0,20	0,00	0,00
K00293DC	8	1,00	0,00	0,05	0,00	0,20	0,00	0,00
K00294DC	8	1,00	0,00	0,05	0,00	0,20	0,00	0,00
K00295DC	8	1,00	0,00	0,05	0,00	0,20	0,00	0,00
K00296DC	8	1,00	0,00	0,05	0,00	0,20	0,00	0,00
K00297DC	8	1,00	0,00	0,05	0,00	0,20	0,00	0,00
K00298DC	8	1,00	0,00	0,05	0,00	0,20	0,00	0,00
K00299DC	8	1,00	0,00	0,05	0,00	0,20	0,00	0,00
K00300DC	8	1,00	0,00	0,05	0,00	0,20	0,00	0,00
K00301DC	8	1,00	0,00	0,05	0,00	0,20	0,00	0,00
K00302DC	8	1,00	0,00	0,05	0,00	0,20	0,00	0,00
K00303DC	8	1,00	0,00	0,05	0,00	0,20	0,00	0,00
K00304DC	8	1,00	0,00	0,05	0,00	0,20	0,00	0,00
K00305DC	8	1,00	0,00	0,05	0,00	0,20	0,00	0,00
K00306DC	8	1,00	0,00	0,05	0,00	0,20	0,00	0,00
K00307DC	8	1,00	0,00	0,05	0,00	0,20	0,00	0,00
K00308DC	8	1,00	0,00	0,05	0,00	0,20	0,00	0,00
K00309DC	8	1,00	0,00	0,05	0,00	0,20	0,00	0,00
K00310DC	8	1,00	0,00	0,05	0,00	0,20	0,00	0,00
K00311DC	8	1,00	0,00	0,05	0,00	0,20	0,00	0,00
K00312DC	8	1,00	0,00	0,05	0,00	0,20	0,00	0,00
K00313DC	8	1,00	0,00	0,05	0,00	0,20	0,00	0,00
K00314DC	8	1,00	0,00	0,05	0,00	0,20	0,00	0,00
K00315DC	8	1,00	0,00	0,05	0,00	0,20	0,00	0,00
K00316DC	8	1,00	0,00	0,05	0,00	0,20	0,00	0,00
K00317DC	8	1,00	0,00	0,05	0,00	0,20	0,00	0,00
K00318DC	8	1,00	0,00	0,05	0,00	0,20	0,00	0,00
K00319DC	8	1,00	0,00	0,05	0,00	0,20	0,00	0,00
K00320DC	8	1,00	0,00	0,05	0,00	0,20	0,00	0,00
K00321DC	8	1,00	0,00	0,05	0,00	0,20	0,00	0,00
K00322DC	8	1,00	0,00	0,05	0,00	0,20	0,00	0,00
K00323DC	8	1,00	0,00	0,05	0,00	0,20	0,00	0,00
K00324DC	8	1,00	0,00	0,05	0,00	0,20	0,00	0,00
K00325DC	8	1,00	0,00	0,05	0,00	0,20	0,00	0,00
K00326DC	8	1,00	0,00	0,05	0,00	0,20	0,00	0,00
K00327DC	8	1,00	0,00	0,05	0,00	0,20	0,00	0,00
K00328DC	8	1,00	0,00	0,05	0,00	0,20	0,00	0,00
K00329DC	8	1,00	0,00	0,05	0,00	0,20	0,00	0,00
K00330DC	8	1,00	0,00	0,05	0,00	0,20	0,00	0,00
K00331DC	8	1,00	0,00	0,05	0,00	0,20	0,00	0,00
K00332DC	8	1,00	0,00	0,05	0,00	0,20	0,00	0,00
K00333DC	8	1,00	0,00	0,05	0,00	0,20	0,00	0,00
K00334DC	8	1,00	0,00	0,05	0,00	0,20	0,00	0,00
K00335DC	8	1,00	0,00	0,05	0,00	0,20	0,00	0,00
K00336DC	8	1,00	0,00	0,05	0,00	0,20	0,00	0,00
K00337DC	8	1,00	0,00	0,05	0,00	0,20	0,00	0,00
K00338DC	8	1,00	0,00	0,05	0,00	0,20	0,00	0,00
K00339DC	8	1,00	0,00	0,05	0,00	0,20	0,00	0,00
K00340DC	8	1,00	0,00	0,05	0,00	0,20	0,00	0,00
K00341DC	8	1,00	0,00	0,05	0,00	0,20	0,00	0,00
K00342DC	8	1,00	0,00	0,05	0,00	0,20	0,00	0,00
K00343DC	8	1,00	0,00	0,05	0,00	0,20	0,00	0,00
K00344DC	8	1,00	0,00	0,05	0,00	0,20	0,00	0,00
K00345DC	8	1,00	0,00	0,05	0,00	0,20	0,00	0,00
K00346DC	8	1,00	0,00	0,05	0,00	0,20	0,00	0,00
K00347DC	8	1,00	0,00	0,05	0,00	0,20	0,00	0,00
K00348DC	8	1,00	0,00	0,05	0,00	0,20	0,00	0,00
K00349DC	8	1,00	0,00	0,05	0,00	0,20	0,00	0,00
K00350DC	8	1,00	0,00	0,05	0,00	0,20	0,00	0,00
K00351DC	8	1,00	0,00	0,05	0,00	0,20	0,00	0,00
K00352DC	8	1,00	0,00	0,05	0,00	0,20	0,00	0,00
K00353DC	8	1,00	0,00	0,05	0,00	0,20	0,00	0,00
K00354DC	8	1,00	0,00	0,05	0,00	0,20	0,00	0,00
K00355DC	8	1,00	0,00	0,05	0,00	0,20	0,00	0,00
K00356DC	8	1,00	0,00	0,05	0,00	0,20	0,00	0,00
K00357DC	8	1,00	0,00	0,05	0,00	0,20	0,00	0,00
K00358DC	8	1,00	0,00	0,05	0,00	0,20	0,00	0,00
K00359DC	8	1,00	0,00	0,05	0,00	0,20	0,00	0,00
K00360DC	8	1,00	0,00	0,05	0,00	0,20	0,00	0,00
K00361DC	8	1,00	0,00	0,05	0,00	0,20	0,00	0,00
K00362DC	8	1,00	0,00	0,05	0,00	0,20	0,00	0,00
K00363DC	8	1,00	0,00	0,05	0,00	0,20	0,00	0,00
K00364DC	8	1,00	0,00	0,05	0,00	0,20	0,00	0,00
K00365DC	8	1,00	0,00	0,05	0,00	0,20	0,00	0,00
K00366DC	8	1,00	0,00	0,05	0,00	0,20	0,00	0,00
K00367DC	8	1,00	0,00	0,05	0,00	0,20	0,00	0,00
K00368DC	8	1,00	0,00	0,05	0,00	0,20	0,00	0,00
K00369DC	8	1,00	0,00	0,05	0,00	0,20	0,00	0,00
K00370DC	8	1,00	0,00	0,05	0,00	0,20	0,00	0,00
K00371DC	8	1,00	0,00	0,05	0,00	0,20	0,00	0,00
K00372DC	8	1,00	0,00	0,05	0,00	0,20	0,00	0,00
K00373DC	8	1,00	0,00	0,05	0,00	0,20	0,00	0,00
K00374DC	8	1,00	0,00	0,05	0,00	0,20	0,00	0,00
K00375DC	8	1,00	0,00	0,05	0,00	0,20	0,00	0,00
K00376DC	8	1,00	0,00	0,05	0,00	0,20	0,00	0,00
K00126DC	14	1,00	0,00	0,05	0,00	0,20	0,00	0,00
K00127DC	14	1,00	0,00	0,05	0,00	0,20	0,00	0,00
K00128DC	14	1,00	0,00	0,05	0,00	0,20	0,00	0,00
K00129DC	14	1,00	0,00	0,05	0,00	0,20	0,00	0,00
K00130DC	14	1,00	0,00	0,05	0,00	0,20	0,00	0,00
K00131DC	14	1,00	0,00	0,05	0,00	0,20	0,00	0,00
K00132DC	14	1,00	0,00	0,05	0,00	0,20	0,00	0,00
K00133DC	14	1,00	0,00	0,05	0,00	0,20	0,00	0,00
K00134DC	14	1,00	0,00	0,05	0,00	0,20	0,00	0,00
K00135DC	14	1,00	0,00	0,05	0,00	0,20	0,00	0,00
K00136DC	14	1,00	0,00	0,05	0,00	0,20	0,00	0,00
K00137DC	14	1,00	0,00	0,05	0,00	0,20	0,00	0,00
K00138DC	14	1,00	0,00	0,05	0,00	0,20	0,00	0,00
K00139DC	14	1,00	0,00	0,05	0,00	0,20	0,00	0,00
K00140DC	14	1,00	0,00	0,05	0,00	0,20	0,00	0,00
K00141DC	14	1,00	0,00	0,05	0,00	0,20	0,00	0,00
K00142DC	14	1,00	0,00	0,05	0,00	0,20	0,00	0,00
K00143DC	14	1,00	0,00	0,05	0,00	0,20	0,00	0,00
K00144DC	14	1,00	0,00	0,05	0,00	0,20	0,00	0,00
K00145DC	14	1,00	0,00	0,05	0,00	0,20	0,00	0,00
K00146DC	14	1,00	0,00	0,05	0,00	0,20	0,00	0,00
K00147DC	14	1,00	0,00	0,05	0,00	0,20	0,00	0,00
K00148DC	14	1,00	0,00	0,05	0,00	0,20	0,00	0,00
K00149DC	14	1,00	0,00	0,05	0,00	0,20	0,00	0,00
K00150DC	14	1,00	0,00	0,05	0,00	0,20	0,00	0,00
K00151DC	14	1,00	0,00	0,05	0,00	0,20	0,00	0,00
K00152DC	14	1,00	0,00	0,05	0,00	0,20	0,00	0,00
K00153DC	14	1,00	0,00	0,05	0,00	0,20	0,00	0,00
K00154DC	14	1,00	0,00	0,05	0,00	0,20	0,00	0,00
K00155DC	14	1,00	0,00	0,05	0,00	0,20	0,00	0,00
K00156DC	14	1,00	0,00	0,05	0,00	0,20	0,00	0,00
K00157DC	14	1,00	0,00	0,05	0,00	0,20	0,00	0,00
K00158DC	14	1,00	0,00	0,05	0,00	0,20	0,00	0,00
K00159DC	14	1,00	0,00	0,05	0,00	0,20	0,00	0,00
K00160DC	14	1,00	0,00	0,05	0,00	0,20	0,00	0,00
K00161DC	14	1,00	0,00	0,05	0,00	0,20	0,00	0,00
K00162DC	14	1,00	0,00	0,05	0,00	0,20	0,00	0,00
K00163DC	14	1,00	0,00	0,05	0,00	0,20	0,00	0,00
K00164DC	14	1,00	0,00	0,05	0,00	0,20	0,00	0,00
K00165DC	14	1,00	0,00	0,05	0,00	0,20	0,00	0,00
K00166DC	14	1,00	0,00	0,05	0,00	0,20	0,00	0,00
K00167DC	14	1,00	0,00	0,05	0,00	0,20	0,00	0,00
K00168DC	14	1,00	0,00	0,05	0,00	0,20	0,00	0,00
K00169DC	14	1,00	0,00	0,05	0,00	0,20	0,00	0,00
K00170DC	14	1,00	0,00	0,05	0,00	0,20	0,00	0,00
K00171DC	14	1,00	0,00	0,05	0,00	0,20	0,00	0,00
K00172DC	14	1,00	0,00	0,05	0,00	0,20	0,00	0,00
K00173DC	14	1,00	0,00	0,05	0,00	0,20	0,00	0,00
K00174DC	14	1,00	0,00	0,05	0,00	0,20	0,00	0,00
K00175DC	14	1,00	0,00	0,05	0,00	0,20	0,00	0,00
K00176DC	14	1,00	0,00	0,05	0,00	0,20	0,00	0,00
K00177DC	14	1,00	0,00	0,05	0,00	0,20	0,00	0,00
K00178DC	14	1,00	0,00	0,05	0,00	0,20	0,00	0,00
K00179DC	14	1,00	0,00	0,05	0,00	0,20	0,00	0,00
K00180DC	14	1,00	0,00	0,05	0,00	0,20	0,00	0,00
K00181DC	14	1,00	0,00	0,05	0,00	0,20	0,00	0,00
K00182DC	14	1,00	0,00	0,05	0,00	0,20	0,00	0,00
K00183DC	14	1,00	0,00	0,05	0,00	0,20	0,00	0,00
K00184DC	14	1,00	0,00	0,05	0,00	0,20	0,00	0,00
K00185DC	14	1,00	0,00	0,05	0,00	0,20	0,00	0,00
K00186DC	14	1,00	0,00	0,05	0,00	0,20	0,00	0,00
K00187DC	14	1,00	0,00	0,05	0,00	0,20	0,00	0,00
K00188DC	14	1,00	0,00	0,05	0,00	0,20	0,00	0,00
K00189DC	14	1,00	0,00	0,05	0,00	0,20	0,00	0,00
K00190DC	14	1,00	0,00	0,05	0,00	0,20	0,00	0,00
K00191DC	14	1,00	0,00	0,05	0,00	0,20	0,00	0,00
K00192DC	14	1,00	0,00	0,05	0,00	0,20	0,00	0,00
K00193DC	14	1,00	0,00	0,05	0,00	0,20	0,00	0,00
K00194DC	14	1,00	0,00	0,05	0,00	0,20	0,00	0,00
K00195DC	14	1,00	0,00	0,05	0,00	0,20	0,00	0,00
K00196DC	14	1,00	0,00	0,05	0,00	0,20	0,00	0,00
K00197DC	14	1,00	0,00	0,05	0,00	0,20	0,00	0,00
K00198DC	14	1,00	0,00	0,05	0,00	0,20	0,00	0,00
K00199DC	14	1,00	0,00	0,05	0,00	0,20	0,00	0,00
K00200DC	14	1,00	0,00	0,05	0,00	0,20	0,00	0,00
K00201DC	14	1,00	0,00	0,05	0,00	0,20	0,00	0,00
K00202DC	14	1,00	0,00	0,05	0,00	0,20	0,00	0,00
K00203DC	14	1,00	0,00	0,05	0,00	0,20	0,00	0,00
K00204DC	14	1,00	0,00	0,05	0,00	0,20	0,00	0,00
K00205DC	14	1,00	0,00	0,05	0,00	0,20	0,00	0,00
K00206DC	14	1,00	0,00	0,05	0,00	0,20	0,00	0,00
K00207DC	14	1,00	0,00	0,05	0,00	0,20	0,00	0,00
K00208DC	14	1,00	0,00	0,05	0,00	0,20	0,00	0,00
K00209DC	14	1,00	0,00	0,05	0,00	0,20	0,00	0,00
K00210DC	14	1,00	0,00	0,05	0,00	0,20	0,00	0,00
K00211DC	14	1,00	0,00	0,05	0,00	0,20	0,00	0,00
K00212DC	14	1,00	0,00	0,05	0,00	0,20	0,00	0,00
K00213DC	14	1,00	0,00	0,05	0,00	0,20	0,00	0,00
K00214DC	14	1,00	0,00	0,05	0,00	0,20	0,00	0,00
K00215DC	14	1,00	0,00	0,05	0,00	0,20	0,00	0,00
K00216DC	14	1,00	0,00	0,05	0,00	0,20	0,00	0,00
K00217DC	14	1,00	0,00	0,05	0,00	0,20	0,00	0,00
K00218DC	14	1,00	0,00	0,05	0,00	0,20	0,00	0,00
K00219DC	14	1,00	0,00	0,05	0,00	0,20	0,00	0,00
K00220DC	14	1,00	0,00	0,05	0,00	0,20	0,00	0,00
K00221DC	14	1,00	0,00	0,05	0,00	0,20	0,00	0,00
K00222DC	14	1,00	0,00	0,05	0,00	0,20	0,00	0,00
K00223DC	14	1,00	0,00	0,05	0,00	0,20	0,00	0,00
K00224DC	14	1,00	0,00	0,05	0,00	0,20	0,00	0,00
K00225DC	14	1,00	0,00	0,05	0,00	0,20	0,00	0,00
K00226DC	14	1,00	0,00	0,05	0,00	0,20	0,00	0,00
K00227DC	14	1,00	0,00	0,05	0,00	0,20	0,00	0,00
K00228DC	14	1,00	0,00	0,05	0,00	0,20	0,00	0,00
K00229DC	14	1,00	0,00	0,05	0,00	0,20	0,00	0,00
K00230DC	14	1,00	0,00	0,05	0,00	0,20	0,00	0,00
K00231DC	14	1,00	0,00	0,05	0,00	0,20	0,00	0,00
K00232DC	14	1,00	0,00	0,05	0,00	0,20	0,00	0,00
K00233DC	14	1,00	0,00	0,05	0,00	0,20	0,00	0,00
K00234DC	14	1,00	0,00	0,05	0,00	0,20	0,00	0,00
K00235DC	14	1,00	0,00	0,05	0,00	0,20	0,00	0,00
K00236DC	14	1,00	0,00	0,05	0,00	0,20	0,00	0,00
K00237DC	14	1,00	0,00	0,05	0,00	0,20	0,00	0,00
K00238DC	14	1,00	0,00	0,05	0,00	0,20	0,00	0,00
K00239DC	14	1,00	0,00	0,05	0,00	0,20	0,00	0,00
K00240DC	14	1,00	0,00	0,05	0,00	0,20	0,00	0,00
K00241DC	14	1,00	0,00	0,05	0,00	0,20	0,00	0,00
K00242DC	14	1,00	0,00	0,05	0,00	0,20	0,00	0,00
K00243DC	14	1,00	0,00	0,05	0,00	0,20	0,00	0,00
K00244DC	14	1,00	0,00	0,05	0,00	0,20	0,00	0,00
K00245DC	14	1,00	0,00	0,05	0,00	0,20	0,00	0,00
K00246DC	14	1,00	0,00	0,05	0,00	0,20	0,00	0,00
K00247DC	14	1,00	0,00	0,05	0,00	0,20	0,00	0,00
K00248DC	14	1,00	0,00	0,05	0,00	0,20	0,00	0,00
K00249DC	14	1,00	0,00	0,05	0,00	0,20	0,00	0,00
K00250DC	14	1,00	0,00	0,05	0,00	0,20	0,00	0,00
K00251DC	14	1,00	0,00	0,05	0,00	0,20	0,00	0,00
K00252DC	14	1,00	0,00	0,05	0,00	0,20	0,00	0,00
K00253DC	14	1,00	0,00	0,05	0,00	0,20	0,00	0,00
K00256DC	14	1,00	0,00	0,05	0,00	0,20	0,00	0,00
K00257DC	14	1,00	0,00	0,05	0,00	0,20	0,00	0,00
K00258DC	14	1,00	0,00	0,05	0,00	0,20	0,00	0,00
K00259DC	14	1,00	0,00	0,05	0,00	0,20	0,00	0,00
K00260DC	14	1,00	0,00	0,05	0,00	0,20	0,00	0,00
K00261DC	14	1,00	0,00	0,05	0,00	0,20	0,00	0,00
K00262DC	14	1,00	0,00	0,05	0,00	0,20	0,00	0,00
K00263DC	14	1,00	0,00	0,05	0,00	0,20	0,00	0,00
K00264DC	14	1,00	0,00	0,05	0,00	0,20	0,00	0,00
K00265DC	14	1,00	0,00	0,05	0,00	0,20	0,00	0,00
K00266DC	14	1,00	0,00	0,05	0,00	0,20	0,00	0,00
K00267DC	14	1,00	0,00	0,05	0,00	0,20	0,00	0,00
K00268DC	14	1,00	0,00	0,05	0,00	0,20	0,00	0,00
K00269DC	14	1,00	0,00	0,05	0,00	0,20	0,00	0,00
K00270DC	14	1,00	0,00	0,05	0,00	0,20	0,00	0,00
K00271DC	14	1,00	0,00	0,05	0,00	0,20	0,00	0,00
K00272DC	14	1,00	0,00	0,05	0,00	0,20	0,00	0,00
K00273DC	14	1,00	0,00	0,05	0,00	0,20	0,00	0,00
K00274DC	14	1,00	0,00	0,05	0,00	0,20	0,00	0,00
K00275DC	14	1,00	0,00	0,05	0,00	0,20	0,00	0,00
K00276DC	14	1,00	0,00	0,05	0,00	0,20	0,00	0,00
K00277DC	14	1,00	0,00	0,05	0,00	0,20	0,00	0,00
K00278DC	14	1,00	0,00	0,05	0,00	0,20	0,00	0,00
K00279DC	14	1,00	0,00	0,05	0,00	0,20	0,00	0,00
K00280DC	14	1,00	0,00	0,05	0,00	0,20	0,00	0,00
K00281DC	14	1,00	0,00	0,05	0,00	0,20	0,00	0,00
K00282DC	14	1,00	0,00	0,05	0,00	0,20	0,00	0,00
K00283DC	14	1,00	0,00	0,05	0,00	0,20	0,00	0,00
K00284DC	14	1,00	0,00	0,05	0,00	0,20	0,00	0,00
K00285DC	14	1,00	0,00	0,05	0,00	0,20	0,00	0,00
K00286DC	14	1,00	0,00	0,05	0,00	0,20	0,00	0,00
K00287DC	14	1,00	0,00	0,05	0,00	0,20	0,00	0,00
K00288DC	14	1,00	0,00	0,05	0,00	0,20	0,00	0,00
K00289DC	14	1,00	0,00	0,05	0,00	0,20	0,00	0,00
K00290DC	14	1,00	0,00	0,05	0,00	0,20	0,00	0,00
K00291DC	14	1,00	0,00	0,05	0,00	0,20	0,00	0,00
K00292DC	14	1,00	0,00	0,05	0,00	0,20	0,00	0,00
K00293DC	14	1,00	0,00	0,05	0,00	0,20	0,00	0,00
K00294DC	14	1,00	0,00	0,05	0,00	0,20	0,00	0,00
K00295DC	14	1,00	0,00	0,05	0,00	0,20	0,00	0,00
K00296DC	14	1,00	0,00	0,05	0,00	0,20	0,00	0,00
K00297DC	14	1,00	0,00	0,05	0,00	0,20	0,00	0,00
K00298DC	14	1,00	0,00	0,05	0,00	0,20	0,00	0,00
K00299DC	14	1,00	0,00	0,05	0,00	0,20	0,00	0,00
K00300DC	14	1,00	0,00	0,05	0,00	0,20	0,00	0,00
K00301DC	14	1,00	0,00	0,05	0,00	0,20	0,00	0,00
K00302DC	14	1,00	0,00	0,05	0,00	0,20	0,00	0,00
K00303DC	14	1,00	0,00	0,05	0,00	0,20	0,00	0,00
K00304DC	14	1,00	0,00	0,05	0,00	0,20	0,00	0,00
K00305DC	14	1,00	0,00	0,05	0,00	0,20	0,00	0,00
K00306DC	14	1,00	0,00	0,05	0,00	0,20	0,00	0,00
K00307DC	14	1,00	0,00	0,05	0,00	0,20	0,00	0,00
K00308DC	14	1,00	0,00	0,05	0,00	0,20	0,00	0,00
K00309DC	14	1,00	0,00	0,05	0,00	0,20	0,00	0,00
K00310DC	14	1,00	0,00	0,05	0,00	0,20	0,00	0,00
K00311DC	14	1,00	0,00	0,05	0,00	0,20	0,00	0,00
K00312DC	14	1,00	0,00	0,05	0,00	0,20	0,00	0,00
K00313DC	14	1,00	0,00	0,05	0,00	0,20	0,00	0,00
K00314DC	14	1,00	0,00	0,05	0,00	0,20	0,00	0,00
K00315DC	14	1,00	0,00	0,05	0,00	0,20	0,00	0,00
K00316DC	14	1,00	0,00	0,05	0,00	0,20	0,00	0,00
K00317DC	14	1,00	0,00	0,05	0,00	0,20	0,00	0,00
K00318DC	14	1,00	0,00	0,05	0,00	0,20	0,00	0,00
K00319DC	14	1,00	0,00	0,05	0,00	0,20	0,00	0,00
K00320DC	14	1,00	0,00	0,05	0,00	0,20	0,00	0,00
K00321DC	14	1,00	0,00	0,05	0,00	0,20	0,00	0,00
K00322DC	14	1,00	0,00	0,05	0,00	0,20	0,00	0,00
K00323DC	14	1,00	0,00	0,05	0,00	0,20	0,00	0,00
K00324DC	14	1,00	0,00	0,05	0,00	0,20	0,00	0,00
K00325DC	14	1,00	0,00	0,05	0,00	0,20	0,00	0,00
K00326DC	14	1,00	0,00	0,05	0,00	0,20	0,00	0,00
K00327DC	14	1,00	0,00	0,05	0,00	0,20	0,00	0,00
K00328DC	14	1,00	0,00	0,05	0,00	0,20	0,00	0,00
K00329DC	14	1,00	0,00	0,05	0,00	0,20	0,00	0,00
K00330DC	14	1,00	0,00	0,05	0,00	0,20	0,00	0,00
K00331DC	14	1,00	0,00	0,05	0,00	0,20	0,00	0,00
K00332DC	14	1,00	0,00	0,05	0,00	0,20	0,00	0,00
K00333DC	14	1,00	0,00	0,05	0,00	0,20	0,00	0,00
K00334DC	14	1,00	0,00	0,05	0,00	0,20	0,00	0,00
K00335DC	14	1,00	0,00	0,05	0,00	0,20	0,00	0,00
K00336DC	14	1,00	0,00	0,05	0,00	0,20	0,00	0,00
K00337DC	14	1,00	0,00	0,05	0,00	0,20	0,00	0,00
K00338DC	14	1,00	0,00	0,05	0,00	0,20	0,00	0,00
K00339DC	14	1,00	0,00	0,05	0,00	0,20	0,00	0,00
K00340DC	14	1,00	0,00	0,05	0,00	0,20	0,00	0,00
K00341DC	14	1,00	0,00	0,05	0,00	0,20	0,00	0,00
K00342DC	14	1,00	0,00	0,05	0,00	0,20	0,00	0,00
K00343DC	14	1,00	0,00	0,05	0,00	0,20	0,00	0,00
K00344DC	14	1,00	0,00	0,05	0,00	0,20	0,00	0,00
K00345DC	14	1,00	0,00	0,05	0,00	0,20	0,00	0,00
K00346DC	14	1,00	0,00	0,05	0,00	0,20	0,00	0,00
K00347DC	14	1,00	0,00	0,05	0,00	0,20	0,00	0,00
K00348DC	14	1,00	0,00	0,05	0,00	0,20	0,00	0,00
K00349DC	14	1,00	0,00	0,05	0,00	0,20	0,00	0,00
K00350DC	14	1,00	0,00	0,05	0,00	0,20	0,00	0,00
K00351DC	14	1,00	0,00	0,05	0,00	0,20	0,00	0,00
K00352DC	14	1,00	0,00	0,05	0,00	0,20	0,00	0,00
K00353DC	14	1,00	0,00	0,05	0,00	0,20	0,00	0,00
K00354DC	14	1,00	0,00	0,05	0,00	0,20	0,00	0,00
K00355DC	14	1,00	0,00	0,05	0,00	0,20	0,00	0,00
K00356DC	14	1,00	0,00	0,05	0,00	0,20	0,00	0,00
K00357DC	14	1,00	0,00	0,05	0,00	0,20	0,00	0,00
K00358DC	14	1,00	0,00	0,05	0,00	0,20	0,00	0,00
K00359DC	14	1,00	0,00	0,05	0,00	0,20	0,00	0,00
K00360DC	14	1,00	0,00	0,05	0,00	0,20	0,00	0,00
K00361DC	14	1,00	0,00	0,05	0,00	0,20	0,00	0,00
K00362DC	14	1,00	0,00	0,05	0,00	0,20	0,00	0,00
K00363DC	14	1,00	0,00	0,05	0,00	0,20	0,00	0,00
K00364DC	14	1,00	0,00	0,05	0,00	0,20	0,00	0,00
K00365DC	14	1,00	0,00	0,05	0,00	0,20	0,00	0,00
K00366DC	14	1,00	0,00	0,05	0,00	0,20	0,00	0,00
K00367DC	14	1,00	0,00	0,05	0,00	0,20	0,00	0,00
K00368DC	14	1,00	0,00	0,05	0,00	0,20	0,00	0,00
K00369DC	14	1,00	0,00	0,05	0,00	0,20	0,00	0,00
K00370DC	14	1,00	0,00	0,05	0,00	0,20	0,00	0,00
K00371DC	14	1,00	0,00	0,05	0,00	0,20	0,00	0,00
K00372DC	14	1,00	0,00	0,05	0,00	0,20	0,00	0,00
K00373DC	14	1,00	0,00	0,05	0,00	0,20	0,00	0,00
K00374DC	14	1,00	0,00	0,05	0,00	0,20	0,00	0,00
K00375DC	14	1,00	0,00	0,05	0,00	0,20	0,00	0,00
K00376DC	14	1,00	0,00	0,05	0,00	0,20	0,00	0,00
K00126DC	22	1,00	0,00	0,05	0,00	0,20	0,00	0,00
K00127DC	22	1,00	0,00	0,05	0,00	0,20	0,00	0,00
K00128DC	22	1,00	0,00	0,05	0,00	0,20	0,00	0,00
K00129DC	22	1,00	0,00	0,05	0,00	0,20	0,00	0,00
K00130DC	22	1,00	0,00	0,05	0,00	0,20	0,00	0,00
K00131DC	22	1,00	0,00	0,05	0,00	0,20	0,00	0,00
K00132DC	22	1,00	0,00	0,05	0,00	0,20	0,00	0,00
K00133DC	22	1,00	0,00	0,05	0,00	0,20	0,00	0,00
K00134DC	22	1,00	0,00	0,05	0,00	0,20	0,00	0,00
K00135DC	22	1,00	0,00	0,05	0,00	0,20	0,00	0,00
K00136DC	22	1,00	0,00	0,05	0,00	0,20	0,00	0,00
K00137DC	22	1,00	0,00	0,05	0,00	0,20	0,00	0,00
K00138DC	22	1,00	0,00	0,05	0,00	0,20	0,00	0,00
K00139DC	22	1,00	0,00	0,05	0,00	0,20	0,00	0,00
K00140DC	22	1,00	0,00	0,05	0,00	0,20	0,00	0,00
K00141DC	22	1,00	0,00	0,05	0,00	0,20	0,00	0,00
K00142DC	22	1,00	0,00	0,05	0,00	0,20	0,00	0,00
K00143DC	22	1,00	0,00	0,05	0,00	0,20	0,00	0,00
K00144DC	22	1,00	0,00	0,05	0,00	0,20	0,00	0,00
K00145DC	22	1,00	0,00	0,05	0,00	0,20	0,00	0,00
K00146DC	22	1,00	0,00	0,05	0,00	0,20	0,00	0,00
K00147DC	22	1,00	0,00	0,05	0,00	0,20	0,00	0,00
K00148DC	22	1,00	0,00	0,05	0,00	0,20	0,00	0,00
K00149DC	22	1,00	0,00	0,05	0,00	0,20	0,00	0,00
K00150DC	22	1,00	0,00	0,05	0,00	0,20	0,00	0,00
K00151DC	22	1,00	0,00	0,05	0,00	0,20	0,00	0,00
K00152DC	22	1,00	0,00	0,05	0,00	0,20	0,00	0,00
K00153DC	22	1,00	0,00	0,05	0,00	0,20	0,00	0,00
K00154DC	22	1,00	0,00	0,05	0,00	0,20	0,00	0,00
K00155DC	22	1,00	0,00	0,05	0,00	0,20	0,00	0,00
K00156DC	22	1,00	0,00	0,05	0,00	0,20	0,00	0,00
K00157DC	22	1,00	0,00	0,05	0,00	0,20	0,00	0,00
K00158DC	22	1,00	0,00	0,05	0,00	0,20	0,00	0,00
K00159DC	22	1,00	0,00	0,05	0,00	0,20	0,00	0,00
K00160DC	22	1,00	0,00	0,05	0,00	0,20	0,00	0,00
K00161DC	22	1,00	0,00	0,05	0,00	0,20	0,00	0,00
K00162DC	22	1,00	0,00	0,05	0,00	0,20	0,00	0,00
K00163DC	22	1,00	0,00	0,05	0,00	0,20	0,00	0,00
K00164DC	22	1,00	0,00	0,05	0,00	0,20	0,00	0,00
K00165DC	22	1,00	0,00	0,05	0,00	0,20	0,00	0,00
K00166DC	22	1,00	0,00	0,05	0,00	0,20	0,00	0,00
K00167DC	22	1,00	0,00	0,05	0,00	0,20	0,00	0,00
K00168DC	22	1,00	0,00	0,05	0,00	0,20	0,00	0,00
K00169DC	22	1,00	0,00	0,05	0,00	0,20	0,00	0,00
K00170DC	22	1,00	0,00	0,05	0,00	0,20	0,00	0,00
K00171DC	22	1,00	0,00	0,05	0,00	0,20	0,00	0,00
K00172DC	22	1,00	0,00	0,05	0,00	0,20	0,00	0,00
K00173DC	22	1,00	0,00	0,05	0,00	0,20	0,00	0,00
K00174DC	22	1,00	0,00	0,05	0,00	0,20	0,00	0,00
K00175DC	22	1,00	0,00	0,05	0,00	0,20	0,00	0,00
K00176DC	22	1,00	0,00	0,05	0,00	0,20	0,00	0,00
K00177DC	22	1,00	0,00	0,05	0,00	0,20	0,00	0,00
K00178DC	22	1,00	0,00	0,05	0,00	0,20	0,00	0,00
K00179DC	22	1,00	0,00	0,05	0,00	0,20	0,00	0,00
K00180DC	22	1,00	0,00	0,05	0,00	0,20	0,00	0,00
K00181DC	22	1,00	0,00	0,05	0,00	0,20	0,00	0,00
K00182DC	22	1,00	0,00	0,05	0,00	0,20	0,00	0,00
K00183DC	22	1,00	0,00	0,05	0,00	0,20	0,00	0,00
K00184DC	22	1,00	0,00	0,05	0,00	0,20	0,00	0,00
K00185DC	22	1,00	0,00	0,05	0,00	0,20	0,00	0,00
K00186DC	22	1,00	0,00	0,05	0,00	0,20	0,00	0,00
K00187DC	22	1,00	0,00	0,05	0,00	0,20	0,00	0,00
K00188DC	22	1,00	0,00	0,05	0,00	0,20	0,00	0,00
K00189DC	22	1,00	0,00	0,05	0,00	0,20	0,00	0,00
K00190DC	22	1,00	0,00	0,05	0,00	0,20	0,00	0,00
K00191DC	22	1,00	0,00	0,05	0,00	0,20	0,00	0,00
K00192DC	22	1,00	0,00	0,05	0,00	0,20	0,00	0,00
K00193DC	22	1,00	0,00	0,05	0,00	0,20	0,00	0,00
K00194DC	22	1,00	0,00	0,05	0,00	0,20	0,00	0,00
K00195DC	22	1,00	0,00	0,05	0,00	0,20	0,00	0,00
K00196DC	22	1,00	0,00	0,05	0,00	0,20	0,00	0,00
K00197DC	22	1,00	0,00	0,05	0,00	0,20	0,00	0,00
K00198DC	22	1,00	0,00	0,05	0,00	0,20	0,00	0,00
K00199DC	22	1,00	0,00	0,05	0,00	0,20	0,00	0,00
K00200DC	22	1,00	0,00	0,05	0,00	0,20	0,00	0,00
K00201DC	22	1,00	0,00	0,05	0,00	0,20	0,00	0,00
K00202DC	22	1,00	0,00	0,05	0,00	0,20	0,00	0,00
K00203DC	22	1,00	0,00	0,05	0,00	0,20	0,00	0,00
K00204DC	22	1,00	0,00	0,05	0,00	0,20	0,00	0,00
K00205DC	22	1,00	0,00	0,05	0,00	0,20	0,00	0,00
K00206DC	22	1,00	0,00	0,05	0,00	0,20	0,00	0,00
K00207DC	22	1,00	0,00	0,05	0,00	0,20	0,00	0,00
K00208DC	22	1,00	0,00	0,05	0,00	0,20	0,00	0,00
K00209DC	22	1,00	0,00	0,05	0,00	0,20	0,00	0,00
K00210DC	22	1,00	0,00	0,05	0,00	0,20	0,00	0,00
K00211DC	22	1,00	0,00	0,05	0,00	0,20	0,00	0,00
K00212DC	22	1,00	0,00	0,05	0,00	0,20	0,00	0,00
K00213DC	22	1,00	0,00	0,05	0,00	0,20	0,00	0,00
K00214DC	22	1,00	0,00	0,05	0,00	0,20	0,00	0,00
K00215DC	22	1,00	0,00	0,05	0,00	0,20	0,00	0,00
K00216DC	22	1,00	0,00	0,05	0,00	0,20	0,00	0,00
K00217DC	22	1,00	0,00	0,05	0,00	0,20	0,00	0,00
K00218DC	22	1,00	0,00	0,05	0,00	0,20	0,00	0,00
K00219DC	22	1,00	0,00	0,05	0,00	0,20	0,00	0,00
K00220DC	22	1,00	0,00	0,05	0,00	0,20	0,00	0,00
K00221DC	22	1,00	0,00	0,05	0,00	0,20	0,00	0,00
K00222DC	22	1,00	0,00	0,05	0,00	0,20	0,00	0,00
K00223DC	22	1,00	0,00	0,05	0,00	0,20	0,00	0,00
K00224DC	22	1,00	0,00	0,05	0,00	0,20	0,00	0,00
K00225DC	22	1,00	0,00	0,05	0,00	0,20	0,00	0,00
K00226DC	22	1,00	0,00	0,05	0,00	0,20	0,00	0,00
K00227DC	22	1,00	0,00	0,05	0,00	0,20	0,00	0,00
K00228DC	22	1,00	0,00	0,05	0,00	0,20	0,00	0,00
K00229DC	22	1,00	0,00	0,05	0,00	0,20	0,00	0,00
K00230DC	22	1,00	0,00	0,05	0,00	0,20	0,00	0,00
K00231DC	22	1,00	0,00	0,05	0,00	0,20	0,00	0,00
K00232DC	22	1,00	0,00	0,05	0,00	0,20	0,00	0,00
K00233DC	22	1,00	0,00	0,05	0,00	0,20	0,00	0,00
K00234DC	22	1,00	0,00	0,05	0,00	0,20	0,00	0,00
K00235DC	22	1,00	0,00	0,05	0,00	0,20	0,00	0,00
K00236DC	22	1,00	0,00	0,05	0,00	0,20	0,00	0,00
K00237DC	22	1,00	0,00	0,05	0,00	0,20	0,00	0,00
K00238DC	22	1,00	0,00	0,05	0,00	0,20	0,00	0,00
K00239DC	22	1,00	0,00	0,05	0,00	0,20	0,00	0,00
K00240DC	22	1,00	0,00	0,05	0,00	0,20	0,00	0,00
K00241DC	22	1,00	0,00	0,05	0,00	0,20	0,00	0,00
K00242DC	22	1,00	0,00	0,05	0,00	0,20	0,00	0,00
K00243DC	22	1,00	0,00	0,05	0,00	0,20	0,00	0,00
K00244DC	22	1,00	0,00	0,05	0,00	0,20	0,00	0,00
K00245DC	22	1,00	0,00	0,05	0,00	0,20	0,00	0,00
K00246DC	22	1,00	0,00	0,05	0,00	0,20	0,00	0,00
K00247DC	22	1,00	0,00	0,05	0,00	0,20	0,00	0,00
K00248DC	22	1,00	0,00	0,05	0,00	0,20	0,00	0,00
K00249DC	22	1,00	0,00	0,05	0,00	0,20	0,00	0,00
K00250DC	22	1,00	0,00	0,05	0,00	0,20	0,00	0,00
K00251DC	22	1,00	0,00	0,05	0,00	0,20	0,00	0,00
K00252DC	22	1,00	0,00	0,05	0,00	0,20	0,00	0,00
K00253DC	22	1,00	0,00	0,05	0,00	0,20	0,00	0,00
K00256DC	22	1,00	0,00	0,05	0,00	0,20	0,00	0,00
K00257DC	22	1,00	0,00	0,05	0,00	0,20	0,00	0,00
K00258DC	22	1,00	0,00	0,05	0,00	0,20	0,00	0,00
K00259DC	22	1,00	0,00	0,05	0,00	0,20	0,00	0,00
K00260DC	22	1,00	0,00	0,05	0,00	0,20	0,00	0,00
K00261DC	22	1,00	0,00	0,05	0,00	0,20	0,00	0,00
K00262DC	22	1,00	0,00	0,05	0,00	0,20	0,00	0,00
K00263DC	22	1,00	0,00	0,05	0,00	0,20	0,00	0,00
K00264DC	22	1,00	0,00	0,05	0,00	0,20	0,00	0,00
K00265DC	22	1,00	0,00	0,05	0,00	0,20	0,00	0,00
K00266DC	22	1,00	0,00	0,05	0,00	0,20	0,00	0,00
K00267DC	22	1,00	0,00	0,05	0,00	0,20	0,00	0,00
K00268DC	22	1,00	0,00	0,05	0,00	0,20	0,00	0,00
K00269DC	22	1,00	0,00	0,05	0,00	0,20	0,00	0,00
K00270DC	22	1,00	0,00	0,05	0,00	0,20	0,00	0,00
K00271DC	22	1,00	0,00	0,05	0,00	0,20	0,00	0,00
K00272DC	22	1,00	0,00	0,05	0,00	0,20	0,00	0,00
K00273DC	22	1,00	0,00	0,05	0,00	0,20	0,00	0,00
K00274DC	22	1,00	0,00	0,05	0,00	0,20	0,00	0,00
K00275DC	22	1,00	0,00	0,05	0,00	0,20	0,00	0,00
K00276DC	22	1,00	0,00	0,05	0,00	0,20	0,00	0,00
K00277DC	22	1,00	0,00	0,05	0,00	0,20	0,00	0,00
K00278DC	22	1,00	0,00	0,05	0,00	0,20	0,00	0,00
K00279DC	22	1,00	0,00	0,05	0,00	0,20	0,00	0,00
K00280DC	22	1,00	0,00	0,05	0,00	0,20	0,00	0,00
K00281DC	22	1,00	0,00	0,05	0,00	0,20	0,00	0,00
K00282DC	22	1,00	0,00	0,05	0,00	0,20	0,00	0,00
K00283DC	22	1,00	0,00	0,05	0,00	0,20	0,00	0,00
K00284DC	22	1,00	0,00	0,05	0,00	0,20	0,00	0,00
K00285DC	22	1,00	0,00	0,05	0,00	0,20	0,00	0,00
K00286DC	22	1,00	0,00	0,05	0,00	0,20	0,00	0,00
K00287DC	22	1,00	0,00	0,05	0,00	0,20	0,00	0,00
K00288DC	22	1,00	0,00	0,05	0,00	0,20	0,00	0,00
K00289DC	22	1,00	0,00	0,05	0,00	0,20	0,00	0,00
K00290DC	22	1,00	0,00	0,05	0,00	0,20	0,00	0,00
K00291DC	22	1,00	0,00	0,05	0,00	0,20	0,00	0,00
K00292DC	22	1,00	0,00	0,05	0,00	0,20	0,00	0,00
K00293DC	22	1,00	0,00	0,05	0,00	0,20	0,00	0,00
K00294DC	22	1,00	0,00	0,05	0,00	0,20	0,00	0,00
K00295DC	22	1,00	0,00	0,05	0,00	0,20	0,00	0,00
K00296DC	22	1,00	0,00	0,05	0,00	0,20	0,00	0,00
K00297DC	22	1,00	0,00	0,05	0,00	0,20	0,00	0,00
K00298DC	22	1,00	0,00	0,05	0,00	0,20	0,00	0,00
K00299DC	22	1,00	0,00	0,05	0,00	0,20	0,00	0,00
K00300DC	22	1,00	0,00	0,05	0,00	0,20	0,00	0,00
K00301DC	22	1,00	0,00	0,05	0,00	0,20	0,00	0,00
K00302DC	22	1,00	0,00	0,05	0,00	0,20	0,00	0,00
K00303DC	22	1,00	0,00	0,05	0,00	0,20	0,00	0,00
K00304DC	22	1,00	0,00	0,05	0,00	0,20	0,00	0,00
K00305DC	22	1,00	0,00	0,05	0,00	0,20	0,00	0,00
K00306DC	22	1,00	0,00	0,05	0,00	0,20	0,00	0,00
K00307DC	22	1,00	0,00	0,05	0,00	0,20	0,00	0,00
K00308DC	22	1,00	0,00	0,05	0,00	0,20	0,00	0,00
K00309DC	22	1,00	0,00	0,05	0,00	0,20	0,00	0,00
K00310DC	22	1,00	0,00	0,05	0,00	0,20	0,00	0,00
K00311DC	22	1,00	0,00	0,05	0,00	0,20	0,00	0,00
K00312DC	22	1,00	0,00	0,05	0,00	0,20	0,00	0,00
K00313DC	22	1,00	0,00	0,05	0,00	0,20	0,00	0,00
K00314DC	22	1,00	0,00	0,05	0,00	0,20	0,00	0,00
K00315DC	22	1,00	0,00	0,05	0,00	0,20	0,00	0,00
K00316DC	22	1,00	0,00	0,05	0,00	0,20	0,00	0,00
K00317DC	22	1,00	0,00	0,05	0,00	0,20	0,00	0,00
K00318DC	22	1,00	0,00	0,05	0,00	0,20	0,00	0,00
K00319DC	22	1,00	0,00	0,05	0,00	0,20	0,00	0,00
K00320DC	22	1,00	0,00	0,05	0,00	0,20	0,00	0,00
K00321DC	22	1,00	0,00	0,05	0,00	0,20	0,00	0,00
K00322DC	22	1,00	0,00	0,05	0,00	0,20	0,00	0,00
K00323DC	22	1,00	0,00	0,05	0,00	0,20	0,00	0,00
K00324DC	22	1,00	0,00	0,05	0,00	0,20	0,00	0,00
K00325DC	22	1,00	0,00	0,05	0,00	0,20	0,00	0,00
K00326DC	22	1,00	0,00	0,05	0,00	0,20	0,00	0,00
K00327DC	22	1,00	0,00	0,05	0,00	0,20	0,00	0,00
K00328DC	22	1,00	0,00	0,05	0,00	0,20	0,00	0,00
K00329DC	22	1,00	0,00	0,05	0,00	0,20	0,00	0,00
K00330DC	22	1,00	0,00	0,05	0,00	0,20	0,00	0,00
K00331DC	22	1,00	0,00	0,05	0,00	0,20	0,00	0,00
K00332DC	22	1,00	0,00	0,05	0,00	0,20	0,00	0,00
K00333DC	22	1,00	0,00	0,05	0,00	0,20	0,00	0,00
K00334DC	22	1,00	0,00	0,05	0,00	0,20	0,00	0,00
K00335DC	22	1,00	0,00	0,05	0,00	0,20	0,00	0,00
K00336DC	22	1,00	0,00	0,05	0,00	0,20	0,00	0,00
K00337DC	22	1,00	0,00	0,05	0,00	0,20	0,00	0,00
K00338DC	22	1,00	0,00	0,05	0,00	0,20	0,00	0,00
K00339DC	22	1,00	0,00	0,05	0,00	0,20	0,00	0,00
K00340DC	22	1,00	0,00	0,05	0,00	0,20	0,00	0,00
K00341DC	22	1,00	0,00	0,05	0,00	0,20	0,00	0,00
K00342DC	22	1,00	0,00	0,05	0,00	0,20	0,00	0,00
K00343DC	22	1,00	0,00	0,05	0,00	0,20	0,00	0,00
K00344DC	22	1,00	0,00	0,05	0,00	0,20	0,00	0,00
K00345DC	22	1,00	0,00	0,05	0,00	0,20	0,00	0,00
K00346DC	22	1,00	0,00	0,05	0,00	0,20	0,00	0,00
K00347DC	22	1,00	0,00	0,05	0,00	0,20	0,00	0,00
K00348DC	22	1,00	0,00	0,05	0,00	0,20	0,00	0,00
K00349DC	22	1,00	0,00	0,05	0,00	0,20	0,00	0,00
K00350DC	22	1,00	0,00	0,05	0,00	0,20	0,00	0,00
K00351DC	22	1,00	0,00	0,05	0,00	0,20	0,00	0,00
K00352DC	22	1,00	0,00	0,05	0,00	0,20	0,00	0,00
K00353DC	22	1,00	0,00	0,05	0,00	0,20	0,00	0,00
K00354DC	22	1,00	0,00	0,05	0,00	0,20	0,00	0,00
K00355DC	22	1,00	0,00	0,05	0,00	0,20	0,00	0,00
K00356DC	22	1,00	0,00	0,05	0,00	0,20	0,00	0,00
K00357DC	22	1,00	0,00	0,05	0,00	0,20	0,00	0,00
K00358DC	22	1,00	0,00	0,05	0,00	0,20	0,00	0,00
K00359DC	22	1,00	0,00	0,05	0,00	0,20	0,00	0,00
K00360DC	22	1,00	0,00	0,05	0,00	0,20	0,00	0,00
K00361DC	22	1,00	0,00	0,05	0,00	0,20	0,00	0,00
K00362DC	22	1,00	0,00	0,05	0,00	0,20	0,00	0,00
K00363DC	22	1,00	0,00	0,05	0,00	0,20	0,00	0,00
K00364DC	22	1,00	0,00	0,05	0,00	0,20	0,00	0,00
K00365DC	22	1,00	0,00	0,05	0,00	0,20	0,00	0,00
K00366DC	22	1,00	0,00	0,05	0,00	0,20	0,00	0,00
K00367DC	22	1,00	0,00	0,05	0,00	0,20	0,00	0,00
K00368DC	22	1,00	0,00	0,05	0,00	0,20	0,00	0,00
K00369DC	22	1,00	0,00	0,05	0,00	0,20	0,00	0,00
K00370DC	22	1,00	0,00	0,05	0,00	0,20	0,00	0,00
K00371DC	22	1,00	0,00	0,05	0,00	0,20	0,00	0,00
K00372DC	22	1,00	0,00	0,05	0,00	0,20	0,00	0,00
K00373DC	22	1,00	0,00	0,05	0,00	0,20	0,00	0,00
K00374DC	22	1,00	0,00	0,05	0,00	0,20	0,00	0,00
K00375DC	22	1,00	0,00	0,05	0,00	0,20	0,00	0,00
K00376DC	22	1,00	0,00	0,05	0,00	0,20	0,00	0,00