id	band	time	status	X0	Y0	Z0	omega	phi	kappa
K00097DC	1	 517,166000	adjusted	4,000000000	0,000000000	0,000000000	0,000000000	0,000000000	0,000000000
K00098DC	1	 522,167000	adjusted	4,000000000	0,000000000	0,000000000	0,000000000	0,000000000	0,000000000
K00099DC	1	 527,162000	adjusted	4,000000000	0,000000000	0,000000000	0,000000000	0,000000000	0,000000000
K00100DC	1	 532,162000	adjusted	4,000000000	0,000000000	0,000000000	0,000000000	0,000000000	0,000000000
K00102DC	1	 542,162000	adjusted	4,000000000	0,000000000	0,000000000	0,000000000	0,000000000	0,000000000
K00103DC	1	 547,164000	adjusted	4,000000000	0,000000000	0,000000000	0,000000000	0,000000000	0,000000000
K00104DC	1	 552,162000	adjusted	4,000000000	0,000000000	0,000000000	0,000000000	0,000000000	0,000000000
K00105DC	1	 557,164000	adjusted	4,000000000	0,000000000	0,000000000	0,000000000	0,000000000	0,000000000
K00106DC	1	 562,163000	adjusted	4,000000000	0,000000000	0,000000000	0,000000000	0,000000000	0,000000000
K00107DC	1	 567,164000	adjusted	4,000000000	0,000000000	0,000000000	0,000000000	0,000000000	0,000000000
K00108DC	1	 572,165000	adjusted	4,000000000	0,000000000	0,000000000	0,000000000	0,000000000	0,000000000
K00109DC	1	 577,164000	adjusted	4,000000000	0,000000000	0,000000000	0,000000000	0,000000000	0,000000000
K00110DC	1	 582,151000	adjusted	4,000000000	0,000000000	0,000000000	0,000000000	0,000000000	0,000000000
K00111DC	1	 587,172000	adjusted	4,000000000	0,000000000	0,000000000	0,000000000	0,000000000	0,000000000
K00112DC	1	 592,171000	adjusted	4,000000000	0,000000000	0,000000000	0,000000000	0,000000000	0,000000000
K00113DC	1	 597,171000	adjusted	4,000000000	0,000000000	0,000000000	0,000000000	0,000000000	0,000000000
K00114DC	1	 602,171000	adjusted	4,000000000	0,000000000	0,000000000	0,000000000	0,000000000	0,000000000
K00115DC	1	 607,169000	adjusted	4,000000000	0,000000000	0,000000000	0,000000000	0,000000000	0,000000000
K00116DC	1	 612,169000	adjusted	4,000000000	0,000000000	0,000000000	0,000000000	0,000000000	0,000000000
K00117DC	1	 617,169000	adjusted	4,000000000	0,000000000	0,000000000	0,000000000	0,000000000	0,000000000
K00118DC	1	 622,172000	adjusted	4,000000000	0,000000000	0,000000000	0,000000000	0,000000000	0,000000000
K00119DC	1	 627,172000	adjusted	4,000000000	0,000000000	0,000000000	0,000000000	0,000000000	0,000000000
K00120DC	1	 632,172000	adjusted	4,000000000	0,000000000	0,000000000	0,000000000	0,000000000	0,000000000
K00121DC	1	 637,172000	adjusted	4,000000000	0,000000000	0,000000000	0,000000000	0,000000000	0,000000000
K00122DC	1	 642,169000	adjusted	4,000000000	0,000000000	0,000000000	0,000000000	0,000000000	0,000000000
K00123DC	1	 647,173000	adjusted	4,000000000	0,000000000	0,000000000	0,000000000	0,000000000	0,000000000
K00124DC	1	 652,172000	adjusted	4,000000000	0,000000000	0,000000000	0,000000000	0,000000000	0,000000000
K00125DC	1	 657,176000	adjusted	4,000000000	0,000000000	0,000000000	0,000000000	0,000000000	0,000000000
K00126DC	1	 662,173000	adjusted	4,000000000	0,000000000	0,000000000	0,000000000	0,000000000	0,000000000
K00127DC	1	 667,174000	adjusted	4,000000000	0,000000000	0,000000000	0,000000000	0,000000000	0,000000000
K00128DC	1	 672,176000	adjusted	4,000000000	0,000000000	0,000000000	0,000000000	0,000000000	0,000000000
K00129DC	1	 677,171000	adjusted	4,000000000	0,000000000	0,000000000	0,000000000	0,000000000	0,000000000
K00130DC	1	 682,171000	adjusted	4,000000000	0,000000000	0,000000000	0,000000000	0,000000000	0,000000000
K00131DC	1	 687,172000	adjusted	4,000000000	0,000000000	0,000000000	0,000000000	0,000000000	0,000000000
K00132DC	1	 692,172000	adjusted	4,000000000	0,000000000	0,000000000	0,000000000	0,000000000	0,000000000
K00133DC	1	 697,173000	adjusted	4,000000000	0,000000000	0,000000000	0,000000000	0,000000000	0,000000000
K00134DC	1	 702,172000	adjusted	4,000000000	0,000000000	0,000000000	0,000000000	0,000000000	0,000000000
K00135DC	1	 707,172000	adjusted	4,000000000	0,000000000	0,000000000	0,000000000	0,000000000	0,000000000
K00136DC	1	 712,172000	adjusted	4,000000000	0,000000000	0,000000000	0,000000000	0,000000000	0,000000000
K00137DC	1	 717,171000	adjusted	4,000000000	0,000000000	0,000000000	0,000000000	0,000000000	0,000000000
K00138DC	1	 722,172000	adjusted	4,000000000	0,000000000	0,000000000	0,000000000	0,000000000	0,000000000
K00139DC	1	 727,172000	adjusted	4,000000000	0,000000000	0,000000000	0,000000000	0,000000000	0,000000000
K00140DC	1	 732,171000	adjusted	4,000000000	0,000000000	0,000000000	0,000000000	0,000000000	0,000000000
K00141DC	1	 737,172000	adjusted	4,000000000	0,000000000	0,000000000	0,000000000	0,000000000	0,000000000
K00142DC	1	 742,174000	adjusted	4,000000000	0,000000000	0,000000000	0,000000000	0,000000000	0,000000000
K00143DC	1	 747,172000	adjusted	4,000000000	0,000000000	0,000000000	0,000000000	0,000000000	0,000000000
K00144DC	1	 752,172000	adjusted	4,000000000	0,000000000	0,000000000	0,000000000	0,000000000	0,000000000
K00145DC	1	 757,174000	adjusted	4,000000000	0,000000000	0,000000000	0,000000000	0,000000000	0,000000000
K00146DC	1	 762,172000	adjusted	4,000000000	0,000000000	0,000000000	0,000000000	0,000000000	0,000000000
K00147DC	1	 767,171000	adjusted	4,000000000	0,000000000	0,000000000	0,000000000	0,000000000	0,000000000
K00148DC	1	 772,170000	adjusted	4,000000000	0,000000000	0,000000000	0,000000000	0,000000000	0,000000000
K00149DC	1	 777,169000	adjusted	4,000000000	0,000000000	0,000000000	0,000000000	0,000000000	0,000000000
K00150DC	1	 782,172000	adjusted	4,000000000	0,000000000	0,000000000	0,000000000	0,000000000	0,000000000
K00151DC	1	 787,173000	adjusted	4,000000000	0,000000000	0,000000000	0,000000000	0,000000000	0,000000000
K00152DC	1	 792,172000	adjusted	4,000000000	0,000000000	0,000000000	0,000000000	0,000000000	0,000000000
K00153DC	1	 797,170000	adjusted	4,000000000	0,000000000	0,000000000	0,000000000	0,000000000	0,000000000
K00154DC	1	 802,173000	adjusted	4,000000000	0,000000000	0,000000000	0,000000000	0,000000000	0,000000000
K00155DC	1	 807,176000	adjusted	4,000000000	0,000000000	0,000000000	0,000000000	0,000000000	0,000000000
K00156DC	1	 812,170000	adjusted	4,000000000	0,000000000	0,000000000	0,000000000	0,000000000	0,000000000
K00157DC	1	 817,173000	adjusted	4,000000000	0,000000000	0,000000000	0,000000000	0,000000000	0,000000000
K00158DC	1	 822,173000	adjusted	4,000000000	0,000000000	0,000000000	0,000000000	0,000000000	0,000000000
K00159DC	1	 827,173000	adjusted	4,000000000	0,000000000	0,000000000	0,000000000	0,000000000	0,000000000
K00160DC	1	 832,167000	adjusted	4,000000000	0,000000000	0,000000000	0,000000000	0,000000000	0,000000000
K00161DC	1	 837,173000	adjusted	4,000000000	0,000000000	0,000000000	0,000000000	0,000000000	0,000000000
K00162DC	1	 842,172000	adjusted	4,000000000	0,000000000	0,000000000	0,000000000	0,000000000	0,000000000
K00163DC	1	 847,176000	adjusted	4,000000000	0,000000000	0,000000000	0,000000000	0,000000000	0,000000000
K00164DC	1	 852,173000	adjusted	4,000000000	0,000000000	0,000000000	0,000000000	0,000000000	0,000000000
K00165DC	1	 857,173000	adjusted	4,000000000	0,000000000	0,000000000	0,000000000	0,000000000	0,000000000
K00166DC	1	 862,173000	adjusted	4,000000000	0,000000000	0,000000000	0,000000000	0,000000000	0,000000000
K00167DC	1	 867,169000	adjusted	4,000000000	0,000000000	0,000000000	0,000000000	0,000000000	0,000000000
K00168DC	1	 872,176000	adjusted	4,000000000	0,000000000	0,000000000	0,000000000	0,000000000	0,000000000
K00169DC	1	 877,175000	adjusted	4,000000000	0,000000000	0,000000000	0,000000000	0,000000000	0,000000000
K00170DC	1	 882,173000	adjusted	4,000000000	0,000000000	0,000000000	0,000000000	0,000000000	0,000000000
K00171DC	1	 887,177000	adjusted	4,000000000	0,000000000	0,000000000	0,000000000	0,000000000	0,000000000
K00172DC	1	 892,174000	adjusted	4,000000000	0,000000000	0,000000000	0,000000000	0,000000000	0,000000000
K00173DC	1	 897,170000	adjusted	4,000000000	0,000000000	0,000000000	0,000000000	0,000000000	0,000000000
K00174DC	1	 902,173000	adjusted	4,000000000	0,000000000	0,000000000	0,000000000	0,000000000	0,000000000
K00175DC	1	 907,170000	adjusted	4,000000000	0,000000000	0,000000000	0,000000000	0,000000000	0,000000000
K00176DC	1	 912,169000	adjusted	4,000000000	0,000000000	0,000000000	0,000000000	0,000000000	0,000000000
K00177DC	1	 917,173000	adjusted	4,000000000	0,000000000	0,000000000	0,000000000	0,000000000	0,000000000
K00178DC	1	 922,172000	adjusted	4,000000000	0,000000000	0,000000000	0,000000000	0,000000000	0,000000000
K00179DC	1	 927,175000	adjusted	4,000000000	0,000000000	0,000000000	0,000000000	0,000000000	0,000000000
K00180DC	1	 932,173000	adjusted	4,000000000	0,000000000	0,000000000	0,000000000	0,000000000	0,000000000
K00181DC	1	 937,173000	adjusted	4,000000000	0,000000000	0,000000000	0,000000000	0,000000000	0,000000000
K00182DC	1	 942,175000	adjusted	4,000000000	0,000000000	0,000000000	0,000000000	0,000000000	0,000000000
K00183DC	1	 947,175000	adjusted	4,000000000	0,000000000	0,000000000	0,000000000	0,000000000	0,000000000
K00184DC	1	 952,178000	adjusted	4,000000000	0,000000000	0,000000000	0,000000000	0,000000000	0,000000000
K00185DC	1	 1053,574000	adjusted	4,000000000	0,000000000	0,000000000	0,000000000	0,000000000	0,000000000
K00186DC	1	 1058,574000	adjusted	4,000000000	0,000000000	0,000000000	0,000000000	0,000000000	0,000000000
K00187DC	1	 1063,577000	adjusted	4,000000000	0,000000000	0,000000000	0,000000000	0,000000000	0,000000000
K00188DC	1	 1068,571000	adjusted	4,000000000	0,000000000	0,000000000	0,000000000	0,000000000	0,000000000
K00189DC	1	 1073,577000	adjusted	4,000000000	0,000000000	0,000000000	0,000000000	0,000000000	0,000000000
K00190DC	1	 1078,578000	adjusted	4,000000000	0,000000000	0,000000000	0,000000000	0,000000000	0,000000000
K00191DC	1	 1083,577000	adjusted	4,000000000	0,000000000	0,000000000	0,000000000	0,000000000	0,000000000
K00192DC	1	 1088,578000	adjusted	4,000000000	0,000000000	0,000000000	0,000000000	0,000000000	0,000000000
K00193DC	1	 1093,581000	adjusted	4,000000000	0,000000000	0,000000000	0,000000000	0,000000000	0,000000000
K00194DC	1	 1098,578000	adjusted	4,000000000	0,000000000	0,000000000	0,000000000	0,000000000	0,000000000
K00195DC	1	 1103,571000	adjusted	4,000000000	0,000000000	0,000000000	0,000000000	0,000000000	0,000000000
K00196DC	1	 1108,577000	adjusted	4,000000000	0,000000000	0,000000000	0,000000000	0,000000000	0,000000000
K00197DC	1	 1113,578000	adjusted	4,000000000	0,000000000	0,000000000	0,000000000	0,000000000	0,000000000
K00198DC	1	 1118,577000	adjusted	4,000000000	0,000000000	0,000000000	0,000000000	0,000000000	0,000000000
K00199DC	1	 1123,577000	adjusted	4,000000000	0,000000000	0,000000000	0,000000000	0,000000000	0,000000000
K00200DC	1	 1128,574000	adjusted	4,000000000	0,000000000	0,000000000	0,000000000	0,000000000	0,000000000
K00201DC	1	 1133,574000	adjusted	4,000000000	0,000000000	0,000000000	0,000000000	0,000000000	0,000000000
K00202DC	1	 1138,574000	adjusted	4,000000000	0,000000000	0,000000000	0,000000000	0,000000000	0,000000000
K00203DC	1	 1143,577000	adjusted	4,000000000	0,000000000	0,000000000	0,000000000	0,000000000	0,000000000
K00204DC	1	 1148,574000	adjusted	4,000000000	0,000000000	0,000000000	0,000000000	0,000000000	0,000000000
K00205DC	1	 1153,777000	adjusted	4,000000000	0,000000000	0,000000000	0,000000000	0,000000000	0,000000000
K00206DC	1	 1158,773000	adjusted	4,000000000	0,000000000	0,000000000	0,000000000	0,000000000	0,000000000
K00207DC	1	 1163,777000	adjusted	4,000000000	0,000000000	0,000000000	0,000000000	0,000000000	0,000000000
K00208DC	1	 1168,774000	adjusted	4,000000000	0,000000000	0,000000000	0,000000000	0,000000000	0,000000000
K00209DC	1	 1173,774000	adjusted	4,000000000	0,000000000	0,000000000	0,000000000	0,000000000	0,000000000
K00210DC	1	 1178,777000	adjusted	4,000000000	0,000000000	0,000000000	0,000000000	0,000000000	0,000000000
K00211DC	1	 1183,777000	adjusted	4,000000000	0,000000000	0,000000000	0,000000000	0,000000000	0,000000000
K00212DC	1	 1188,779000	adjusted	4,000000000	0,000000000	0,000000000	0,000000000	0,000000000	0,000000000
K00213DC	1	 1193,781000	adjusted	4,000000000	0,000000000	0,000000000	0,000000000	0,000000000	0,000000000
K00214DC	1	 1198,781000	adjusted	4,000000000	0,000000000	0,000000000	0,000000000	0,000000000	0,000000000
K00215DC	1	 1203,781000	adjusted	4,000000000	0,000000000	0,000000000	0,000000000	0,000000000	0,000000000
K00216DC	1	 1208,777000	adjusted	4,000000000	0,000000000	0,000000000	0,000000000	0,000000000	0,000000000
K00217DC	1	 1213,778000	adjusted	4,000000000	0,000000000	0,000000000	0,000000000	0,000000000	0,000000000
K00218DC	1	 1218,779000	adjusted	4,000000000	0,000000000	0,000000000	0,000000000	0,000000000	0,000000000
K00219DC	1	 1223,777000	adjusted	4,000000000	0,000000000	0,000000000	0,000000000	0,000000000	0,000000000
K00220DC	1	 1228,773000	adjusted	4,000000000	0,000000000	0,000000000	0,000000000	0,000000000	0,000000000
K00221DC	1	 1233,775000	adjusted	4,000000000	0,000000000	0,000000000	0,000000000	0,000000000	0,000000000
K00222DC	1	 1238,775000	adjusted	4,000000000	0,000000000	0,000000000	0,000000000	0,000000000	0,000000000
K00223DC	1	 1243,772000	adjusted	4,000000000	0,000000000	0,000000000	0,000000000	0,000000000	0,000000000
K00224DC	1	 1248,778000	adjusted	4,000000000	0,000000000	0,000000000	0,000000000	0,000000000	0,000000000
K00225DC	1	 1253,778000	adjusted	4,000000000	0,000000000	0,000000000	0,000000000	0,000000000	0,000000000
K00226DC	1	 1258,775000	adjusted	4,000000000	0,000000000	0,000000000	0,000000000	0,000000000	0,000000000
K00227DC	1	 1263,772000	adjusted	4,000000000	0,000000000	0,000000000	0,000000000	0,000000000	0,000000000
K00228DC	1	 1268,778000	adjusted	4,000000000	0,000000000	0,000000000	0,000000000	0,000000000	0,000000000
K00229DC	1	 1273,786000	adjusted	4,000000000	0,000000000	0,000000000	0,000000000	0,000000000	0,000000000
K00230DC	1	 1278,779000	adjusted	4,000000000	0,000000000	0,000000000	0,000000000	0,000000000	0,000000000
K00231DC	1	 1283,780000	adjusted	4,000000000	0,000000000	0,000000000	0,000000000	0,000000000	0,000000000
K00232DC	1	 1288,778000	adjusted	4,000000000	0,000000000	0,000000000	0,000000000	0,000000000	0,000000000
K00233DC	1	 1293,777000	adjusted	4,000000000	0,000000000	0,000000000	0,000000000	0,000000000	0,000000000
K00234DC	1	 1298,786000	adjusted	4,000000000	0,000000000	0,000000000	0,000000000	0,000000000	0,000000000
K00235DC	1	 1303,788000	adjusted	4,000000000	0,000000000	0,000000000	0,000000000	0,000000000	0,000000000
K00236DC	1	 1308,784000	adjusted	4,000000000	0,000000000	0,000000000	0,000000000	0,000000000	0,000000000
K00237DC	1	 1313,780000	adjusted	4,000000000	0,000000000	0,000000000	0,000000000	0,000000000	0,000000000
K00238DC	1	 1318,782000	adjusted	4,000000000	0,000000000	0,000000000	0,000000000	0,000000000	0,000000000
K00239DC	1	 1323,782000	adjusted	4,000000000	0,000000000	0,000000000	0,000000000	0,000000000	0,000000000
K00240DC	1	 1328,782000	adjusted	4,000000000	0,000000000	0,000000000	0,000000000	0,000000000	0,000000000
K00241DC	1	 1333,782000	adjusted	4,000000000	0,000000000	0,000000000	0,000000000	0,000000000	0,000000000
K00242DC	1	 1338,782000	adjusted	4,000000000	0,000000000	0,000000000	0,000000000	0,000000000	0,000000000
K00243DC	1	 1343,782000	adjusted	4,000000000	0,000000000	0,000000000	0,000000000	0,000000000	0,000000000
K00244DC	1	 1348,783000	adjusted	4,000000000	0,000000000	0,000000000	0,000000000	0,000000000	0,000000000
K00245DC	1	 1353,780000	adjusted	4,000000000	0,000000000	0,000000000	0,000000000	0,000000000	0,000000000
K00246DC	1	 1358,781000	adjusted	4,000000000	0,000000000	0,000000000	0,000000000	0,000000000	0,000000000
K00247DC	1	 1363,783000	adjusted	4,000000000	0,000000000	0,000000000	0,000000000	0,000000000	0,000000000
K00097DC	10	 517,166000	adjusted	4,000000000	0,000000000	0,000000000	0,000000000	0,000000000	0,000000000
K00098DC	10	 522,167000	adjusted	4,000000000	0,000000000	0,000000000	0,000000000	0,000000000	0,000000000
K00099DC	10	 527,162000	adjusted	4,000000000	0,000000000	0,000000000	0,000000000	0,000000000	0,000000000
K00100DC	10	 532,162000	adjusted	4,000000000	0,000000000	0,000000000	0,000000000	0,000000000	0,000000000
K00102DC	10	 542,162000	adjusted	4,000000000	0,000000000	0,000000000	0,000000000	0,000000000	0,000000000
K00103DC	10	 547,164000	adjusted	4,000000000	0,000000000	0,000000000	0,000000000	0,000000000	0,000000000
K00104DC	10	 552,162000	adjusted	4,000000000	0,000000000	0,000000000	0,000000000	0,000000000	0,000000000
K00105DC	10	 557,164000	adjusted	4,000000000	0,000000000	0,000000000	0,000000000	0,000000000	0,000000000
K00106DC	10	 562,163000	adjusted	4,000000000	0,000000000	0,000000000	0,000000000	0,000000000	0,000000000
K00107DC	10	 567,164000	adjusted	4,000000000	0,000000000	0,000000000	0,000000000	0,000000000	0,000000000
K00108DC	10	 572,165000	adjusted	4,000000000	0,000000000	0,000000000	0,000000000	0,000000000	0,000000000
K00109DC	10	 577,164000	adjusted	4,000000000	0,000000000	0,000000000	0,000000000	0,000000000	0,000000000
K00110DC	10	 582,151000	adjusted	4,000000000	0,000000000	0,000000000	0,000000000	0,000000000	0,000000000
K00111DC	10	 587,172000	adjusted	4,000000000	0,000000000	0,000000000	0,000000000	0,000000000	0,000000000
K00112DC	10	 592,171000	adjusted	4,000000000	0,000000000	0,000000000	0,000000000	0,000000000	0,000000000
K00113DC	10	 597,171000	adjusted	4,000000000	0,000000000	0,000000000	0,000000000	0,000000000	0,000000000
K00114DC	10	 602,171000	adjusted	4,000000000	0,000000000	0,000000000	0,000000000	0,000000000	0,000000000
K00115DC	10	 607,169000	adjusted	4,000000000	0,000000000	0,000000000	0,000000000	0,000000000	0,000000000
K00116DC	10	 612,169000	adjusted	4,000000000	0,000000000	0,000000000	0,000000000	0,000000000	0,000000000
K00117DC	10	 617,169000	adjusted	4,000000000	0,000000000	0,000000000	0,000000000	0,000000000	0,000000000
K00118DC	10	 622,172000	adjusted	4,000000000	0,000000000	0,000000000	0,000000000	0,000000000	0,000000000
K00119DC	10	 627,172000	adjusted	4,000000000	0,000000000	0,000000000	0,000000000	0,000000000	0,000000000
K00120DC	10	 632,172000	adjusted	4,000000000	0,000000000	0,000000000	0,000000000	0,000000000	0,000000000
K00121DC	10	 637,172000	adjusted	4,000000000	0,000000000	0,000000000	0,000000000	0,000000000	0,000000000
K00122DC	10	 642,169000	adjusted	4,000000000	0,000000000	0,000000000	0,000000000	0,000000000	0,000000000
K00123DC	10	 647,173000	adjusted	4,000000000	0,000000000	0,000000000	0,000000000	0,000000000	0,000000000
K00124DC	10	 652,172000	adjusted	4,000000000	0,000000000	0,000000000	0,000000000	0,000000000	0,000000000
K00125DC	10	 657,176000	adjusted	4,000000000	0,000000000	0,000000000	0,000000000	0,000000000	0,000000000
K00126DC	10	 662,173000	adjusted	4,000000000	0,000000000	0,000000000	0,000000000	0,000000000	0,000000000
K00127DC	10	 667,174000	adjusted	4,000000000	0,000000000	0,000000000	0,000000000	0,000000000	0,000000000
K00128DC	10	 672,176000	adjusted	4,000000000	0,000000000	0,000000000	0,000000000	0,000000000	0,000000000
K00129DC	10	 677,171000	adjusted	4,000000000	0,000000000	0,000000000	0,000000000	0,000000000	0,000000000
K00130DC	10	 682,171000	adjusted	4,000000000	0,000000000	0,000000000	0,000000000	0,000000000	0,000000000
K00131DC	10	 687,172000	adjusted	4,000000000	0,000000000	0,000000000	0,000000000	0,000000000	0,000000000
K00132DC	10	 692,172000	adjusted	4,000000000	0,000000000	0,000000000	0,000000000	0,000000000	0,000000000
K00133DC	10	 697,173000	adjusted	4,000000000	0,000000000	0,000000000	0,000000000	0,000000000	0,000000000
K00134DC	10	 702,172000	adjusted	4,000000000	0,000000000	0,000000000	0,000000000	0,000000000	0,000000000
K00135DC	10	 707,172000	adjusted	4,000000000	0,000000000	0,000000000	0,000000000	0,000000000	0,000000000
K00136DC	10	 712,172000	adjusted	4,000000000	0,000000000	0,000000000	0,000000000	0,000000000	0,000000000
K00137DC	10	 717,171000	adjusted	4,000000000	0,000000000	0,000000000	0,000000000	0,000000000	0,000000000
K00138DC	10	 722,172000	adjusted	4,000000000	0,000000000	0,000000000	0,000000000	0,000000000	0,000000000
K00139DC	10	 727,172000	adjusted	4,000000000	0,000000000	0,000000000	0,000000000	0,000000000	0,000000000
K00140DC	10	 732,171000	adjusted	4,000000000	0,000000000	0,000000000	0,000000000	0,000000000	0,000000000
K00141DC	10	 737,172000	adjusted	4,000000000	0,000000000	0,000000000	0,000000000	0,000000000	0,000000000
K00142DC	10	 742,174000	adjusted	4,000000000	0,000000000	0,000000000	0,000000000	0,000000000	0,000000000
K00143DC	10	 747,172000	adjusted	4,000000000	0,000000000	0,000000000	0,000000000	0,000000000	0,000000000
K00144DC	10	 752,172000	adjusted	4,000000000	0,000000000	0,000000000	0,000000000	0,000000000	0,000000000
K00145DC	10	 757,174000	adjusted	4,000000000	0,000000000	0,000000000	0,000000000	0,000000000	0,000000000
K00146DC	10	 762,172000	adjusted	4,000000000	0,000000000	0,000000000	0,000000000	0,000000000	0,000000000
K00147DC	10	 767,171000	adjusted	4,000000000	0,000000000	0,000000000	0,000000000	0,000000000	0,000000000
K00148DC	10	 772,170000	adjusted	4,000000000	0,000000000	0,000000000	0,000000000	0,000000000	0,000000000
K00149DC	10	 777,169000	adjusted	4,000000000	0,000000000	0,000000000	0,000000000	0,000000000	0,000000000
K00150DC	10	 782,172000	adjusted	4,000000000	0,000000000	0,000000000	0,000000000	0,000000000	0,000000000
K00151DC	10	 787,173000	adjusted	4,000000000	0,000000000	0,000000000	0,000000000	0,000000000	0,000000000
K00152DC	10	 792,172000	adjusted	4,000000000	0,000000000	0,000000000	0,000000000	0,000000000	0,000000000
K00153DC	10	 797,170000	adjusted	4,000000000	0,000000000	0,000000000	0,000000000	0,000000000	0,000000000
K00154DC	10	 802,173000	adjusted	4,000000000	0,000000000	0,000000000	0,000000000	0,000000000	0,000000000
K00155DC	10	 807,176000	adjusted	4,000000000	0,000000000	0,000000000	0,000000000	0,000000000	0,000000000
K00156DC	10	 812,170000	adjusted	4,000000000	0,000000000	0,000000000	0,000000000	0,000000000	0,000000000
K00157DC	10	 817,173000	adjusted	4,000000000	0,000000000	0,000000000	0,000000000	0,000000000	0,000000000
K00158DC	10	 822,173000	adjusted	4,000000000	0,000000000	0,000000000	0,000000000	0,000000000	0,000000000
K00159DC	10	 827,173000	adjusted	4,000000000	0,000000000	0,000000000	0,000000000	0,000000000	0,000000000
K00160DC	10	 832,167000	adjusted	4,000000000	0,000000000	0,000000000	0,000000000	0,000000000	0,000000000
K00161DC	10	 837,173000	adjusted	4,000000000	0,000000000	0,000000000	0,000000000	0,000000000	0,000000000
K00162DC	10	 842,172000	adjusted	4,000000000	0,000000000	0,000000000	0,000000000	0,000000000	0,000000000
K00163DC	10	 847,176000	adjusted	4,000000000	0,000000000	0,000000000	0,000000000	0,000000000	0,000000000
K00164DC	10	 852,173000	adjusted	4,000000000	0,000000000	0,000000000	0,000000000	0,000000000	0,000000000
K00165DC	10	 857,173000	adjusted	4,000000000	0,000000000	0,000000000	0,000000000	0,000000000	0,000000000
K00166DC	10	 862,173000	adjusted	4,000000000	0,000000000	0,000000000	0,000000000	0,000000000	0,000000000
K00167DC	10	 867,169000	adjusted	4,000000000	0,000000000	0,000000000	0,000000000	0,000000000	0,000000000
K00168DC	10	 872,176000	adjusted	4,000000000	0,000000000	0,000000000	0,000000000	0,000000000	0,000000000
K00169DC	10	 877,175000	adjusted	4,000000000	0,000000000	0,000000000	0,000000000	0,000000000	0,000000000
K00170DC	10	 882,173000	adjusted	4,000000000	0,000000000	0,000000000	0,000000000	0,000000000	0,000000000
K00171DC	10	 887,177000	adjusted	4,000000000	0,000000000	0,000000000	0,000000000	0,000000000	0,000000000
K00172DC	10	 892,174000	adjusted	4,000000000	0,000000000	0,000000000	0,000000000	0,000000000	0,000000000
K00173DC	10	 897,170000	adjusted	4,000000000	0,000000000	0,000000000	0,000000000	0,000000000	0,000000000
K00174DC	10	 902,173000	adjusted	4,000000000	0,000000000	0,000000000	0,000000000	0,000000000	0,000000000
K00175DC	10	 907,170000	adjusted	4,000000000	0,000000000	0,000000000	0,000000000	0,000000000	0,000000000
K00176DC	10	 912,169000	adjusted	4,000000000	0,000000000	0,000000000	0,000000000	0,000000000	0,000000000
K00177DC	10	 917,173000	adjusted	4,000000000	0,000000000	0,000000000	0,000000000	0,000000000	0,000000000
K00178DC	10	 922,172000	adjusted	4,000000000	0,000000000	0,000000000	0,000000000	0,000000000	0,000000000
K00179DC	10	 927,175000	adjusted	4,000000000	0,000000000	0,000000000	0,000000000	0,000000000	0,000000000
K00180DC	10	 932,173000	adjusted	4,000000000	0,000000000	0,000000000	0,000000000	0,000000000	0,000000000
K00181DC	10	 937,173000	adjusted	4,000000000	0,000000000	0,000000000	0,000000000	0,000000000	0,000000000
K00182DC	10	 942,175000	adjusted	4,000000000	0,000000000	0,000000000	0,000000000	0,000000000	0,000000000
K00183DC	10	 947,175000	adjusted	4,000000000	0,000000000	0,000000000	0,000000000	0,000000000	0,000000000
K00184DC	10	 952,178000	adjusted	4,000000000	0,000000000	0,000000000	0,000000000	0,000000000	0,000000000
K00185DC	10	 1053,574000	adjusted	4,000000000	0,000000000	0,000000000	0,000000000	0,000000000	0,000000000
K00186DC	10	 1058,574000	adjusted	4,000000000	0,000000000	0,000000000	0,000000000	0,000000000	0,000000000
K00187DC	10	 1063,577000	adjusted	4,000000000	0,000000000	0,000000000	0,000000000	0,000000000	0,000000000
K00188DC	10	 1068,571000	adjusted	4,000000000	0,000000000	0,000000000	0,000000000	0,000000000	0,000000000
K00189DC	10	 1073,577000	adjusted	4,000000000	0,000000000	0,000000000	0,000000000	0,000000000	0,000000000
K00190DC	10	 1078,578000	adjusted	4,000000000	0,000000000	0,000000000	0,000000000	0,000000000	0,000000000
K00191DC	10	 1083,577000	adjusted	4,000000000	0,000000000	0,000000000	0,000000000	0,000000000	0,000000000
K00192DC	10	 1088,578000	adjusted	4,000000000	0,000000000	0,000000000	0,000000000	0,000000000	0,000000000
K00193DC	10	 1093,581000	adjusted	4,000000000	0,000000000	0,000000000	0,000000000	0,000000000	0,000000000
K00194DC	10	 1098,578000	adjusted	4,000000000	0,000000000	0,000000000	0,000000000	0,000000000	0,000000000
K00195DC	10	 1103,571000	adjusted	4,000000000	0,000000000	0,000000000	0,000000000	0,000000000	0,000000000
K00196DC	10	 1108,577000	adjusted	4,000000000	0,000000000	0,000000000	0,000000000	0,000000000	0,000000000
K00197DC	10	 1113,578000	adjusted	4,000000000	0,000000000	0,000000000	0,000000000	0,000000000	0,000000000
K00198DC	10	 1118,577000	adjusted	4,000000000	0,000000000	0,000000000	0,000000000	0,000000000	0,000000000
K00199DC	10	 1123,577000	adjusted	4,000000000	0,000000000	0,000000000	0,000000000	0,000000000	0,000000000
K00200DC	10	 1128,574000	adjusted	4,000000000	0,000000000	0,000000000	0,000000000	0,000000000	0,000000000
K00201DC	10	 1133,574000	adjusted	4,000000000	0,000000000	0,000000000	0,000000000	0,000000000	0,000000000
K00202DC	10	 1138,574000	adjusted	4,000000000	0,000000000	0,000000000	0,000000000	0,000000000	0,000000000
K00203DC	10	 1143,577000	adjusted	4,000000000	0,000000000	0,000000000	0,000000000	0,000000000	0,000000000
K00204DC	10	 1148,574000	adjusted	4,000000000	0,000000000	0,000000000	0,000000000	0,000000000	0,000000000
K00205DC	10	 1153,777000	adjusted	4,000000000	0,000000000	0,000000000	0,000000000	0,000000000	0,000000000
K00206DC	10	 1158,773000	adjusted	4,000000000	0,000000000	0,000000000	0,000000000	0,000000000	0,000000000
K00207DC	10	 1163,777000	adjusted	4,000000000	0,000000000	0,000000000	0,000000000	0,000000000	0,000000000
K00208DC	10	 1168,774000	adjusted	4,000000000	0,000000000	0,000000000	0,000000000	0,000000000	0,000000000
K00209DC	10	 1173,774000	adjusted	4,000000000	0,000000000	0,000000000	0,000000000	0,000000000	0,000000000
K00210DC	10	 1178,777000	adjusted	4,000000000	0,000000000	0,000000000	0,000000000	0,000000000	0,000000000
K00211DC	10	 1183,777000	adjusted	4,000000000	0,000000000	0,000000000	0,000000000	0,000000000	0,000000000
K00212DC	10	 1188,779000	adjusted	4,000000000	0,000000000	0,000000000	0,000000000	0,000000000	0,000000000
K00213DC	10	 1193,781000	adjusted	4,000000000	0,000000000	0,000000000	0,000000000	0,000000000	0,000000000
K00214DC	10	 1198,781000	adjusted	4,000000000	0,000000000	0,000000000	0,000000000	0,000000000	0,000000000
K00215DC	10	 1203,781000	adjusted	4,000000000	0,000000000	0,000000000	0,000000000	0,000000000	0,000000000
K00216DC	10	 1208,777000	adjusted	4,000000000	0,000000000	0,000000000	0,000000000	0,000000000	0,000000000
K00217DC	10	 1213,778000	adjusted	4,000000000	0,000000000	0,000000000	0,000000000	0,000000000	0,000000000
K00218DC	10	 1218,779000	adjusted	4,000000000	0,000000000	0,000000000	0,000000000	0,000000000	0,000000000
K00219DC	10	 1223,777000	adjusted	4,000000000	0,000000000	0,000000000	0,000000000	0,000000000	0,000000000
K00220DC	10	 1228,773000	adjusted	4,000000000	0,000000000	0,000000000	0,000000000	0,000000000	0,000000000
K00221DC	10	 1233,775000	adjusted	4,000000000	0,000000000	0,000000000	0,000000000	0,000000000	0,000000000
K00222DC	10	 1238,775000	adjusted	4,000000000	0,000000000	0,000000000	0,000000000	0,000000000	0,000000000
K00223DC	10	 1243,772000	adjusted	4,000000000	0,000000000	0,000000000	0,000000000	0,000000000	0,000000000
K00224DC	10	 1248,778000	adjusted	4,000000000	0,000000000	0,000000000	0,000000000	0,000000000	0,000000000
K00225DC	10	 1253,778000	adjusted	4,000000000	0,000000000	0,000000000	0,000000000	0,000000000	0,000000000
K00226DC	10	 1258,775000	adjusted	4,000000000	0,000000000	0,000000000	0,000000000	0,000000000	0,000000000
K00227DC	10	 1263,772000	adjusted	4,000000000	0,000000000	0,000000000	0,000000000	0,000000000	0,000000000
K00228DC	10	 1268,778000	adjusted	4,000000000	0,000000000	0,000000000	0,000000000	0,000000000	0,000000000
K00229DC	10	 1273,786000	adjusted	4,000000000	0,000000000	0,000000000	0,000000000	0,000000000	0,000000000
K00230DC	10	 1278,779000	adjusted	4,000000000	0,000000000	0,000000000	0,000000000	0,000000000	0,000000000
K00231DC	10	 1283,780000	adjusted	4,000000000	0,000000000	0,000000000	0,000000000	0,000000000	0,000000000
K00232DC	10	 1288,778000	adjusted	4,000000000	0,000000000	0,000000000	0,000000000	0,000000000	0,000000000
K00233DC	10	 1293,777000	adjusted	4,000000000	0,000000000	0,000000000	0,000000000	0,000000000	0,000000000
K00234DC	10	 1298,786000	adjusted	4,000000000	0,000000000	0,000000000	0,000000000	0,000000000	0,000000000
K00235DC	10	 1303,788000	adjusted	4,000000000	0,000000000	0,000000000	0,000000000	0,000000000	0,000000000
K00236DC	10	 1308,784000	adjusted	4,000000000	0,000000000	0,000000000	0,000000000	0,000000000	0,000000000
K00237DC	10	 1313,780000	adjusted	4,000000000	0,000000000	0,000000000	0,000000000	0,000000000	0,000000000
K00238DC	10	 1318,782000	adjusted	4,000000000	0,000000000	0,000000000	0,000000000	0,000000000	0,000000000
K00239DC	10	 1323,782000	adjusted	4,000000000	0,000000000	0,000000000	0,000000000	0,000000000	0,000000000
K00240DC	10	 1328,782000	adjusted	4,000000000	0,000000000	0,000000000	0,000000000	0,000000000	0,000000000
K00241DC	10	 1333,782000	adjusted	4,000000000	0,000000000	0,000000000	0,000000000	0,000000000	0,000000000
K00242DC	10	 1338,782000	adjusted	4,000000000	0,000000000	0,000000000	0,000000000	0,000000000	0,000000000
K00243DC	10	 1343,782000	adjusted	4,000000000	0,000000000	0,000000000	0,000000000	0,000000000	0,000000000
K00244DC	10	 1348,783000	adjusted	4,000000000	0,000000000	0,000000000	0,000000000	0,000000000	0,000000000
K00245DC	10	 1353,780000	adjusted	4,000000000	0,000000000	0,000000000	0,000000000	0,000000000	0,000000000
K00246DC	10	 1358,781000	adjusted	4,000000000	0,000000000	0,000000000	0,000000000	0,000000000	0,000000000
K00247DC	10	 1363,783000	adjusted	4,000000000	0,000000000	0,000000000	0,000000000	0,000000000	0,000000000
K00097DC	15	 517,166000	adjusted	4,000000000	0,000000000	0,000000000	0,000000000	0,000000000	0,000000000
K00098DC	15	 522,167000	adjusted	4,000000000	0,000000000	0,000000000	0,000000000	0,000000000	0,000000000
K00099DC	15	 527,162000	adjusted	4,000000000	0,000000000	0,000000000	0,000000000	0,000000000	0,000000000
K00100DC	15	 532,162000	adjusted	4,000000000	0,000000000	0,000000000	0,000000000	0,000000000	0,000000000
K00102DC	15	 542,162000	adjusted	4,000000000	0,000000000	0,000000000	0,000000000	0,000000000	0,000000000
K00103DC	15	 547,164000	adjusted	4,000000000	0,000000000	0,000000000	0,000000000	0,000000000	0,000000000
K00104DC	15	 552,162000	adjusted	4,000000000	0,000000000	0,000000000	0,000000000	0,000000000	0,000000000
K00105DC	15	 557,164000	adjusted	4,000000000	0,000000000	0,000000000	0,000000000	0,000000000	0,000000000
K00106DC	15	 562,163000	adjusted	4,000000000	0,000000000	0,000000000	0,000000000	0,000000000	0,000000000
K00107DC	15	 567,164000	adjusted	4,000000000	0,000000000	0,000000000	0,000000000	0,000000000	0,000000000
K00108DC	15	 572,165000	adjusted	4,000000000	0,000000000	0,000000000	0,000000000	0,000000000	0,000000000
K00109DC	15	 577,164000	adjusted	4,000000000	0,000000000	0,000000000	0,000000000	0,000000000	0,000000000
K00110DC	15	 582,151000	adjusted	4,000000000	0,000000000	0,000000000	0,000000000	0,000000000	0,000000000
K00111DC	15	 587,172000	adjusted	4,000000000	0,000000000	0,000000000	0,000000000	0,000000000	0,000000000
K00112DC	15	 592,171000	adjusted	4,000000000	0,000000000	0,000000000	0,000000000	0,000000000	0,000000000
K00113DC	15	 597,171000	adjusted	4,000000000	0,000000000	0,000000000	0,000000000	0,000000000	0,000000000
K00114DC	15	 602,171000	adjusted	4,000000000	0,000000000	0,000000000	0,000000000	0,000000000	0,000000000
K00115DC	15	 607,169000	adjusted	4,000000000	0,000000000	0,000000000	0,000000000	0,000000000	0,000000000
K00116DC	15	 612,169000	adjusted	4,000000000	0,000000000	0,000000000	0,000000000	0,000000000	0,000000000
K00117DC	15	 617,169000	adjusted	4,000000000	0,000000000	0,000000000	0,000000000	0,000000000	0,000000000
K00118DC	15	 622,172000	adjusted	4,000000000	0,000000000	0,000000000	0,000000000	0,000000000	0,000000000
K00119DC	15	 627,172000	adjusted	4,000000000	0,000000000	0,000000000	0,000000000	0,000000000	0,000000000
K00120DC	15	 632,172000	adjusted	4,000000000	0,000000000	0,000000000	0,000000000	0,000000000	0,000000000
K00121DC	15	 637,172000	adjusted	4,000000000	0,000000000	0,000000000	0,000000000	0,000000000	0,000000000
K00122DC	15	 642,169000	adjusted	4,000000000	0,000000000	0,000000000	0,000000000	0,000000000	0,000000000
K00123DC	15	 647,173000	adjusted	4,000000000	0,000000000	0,000000000	0,000000000	0,000000000	0,000000000
K00124DC	15	 652,172000	adjusted	4,000000000	0,000000000	0,000000000	0,000000000	0,000000000	0,000000000
K00125DC	15	 657,176000	adjusted	4,000000000	0,000000000	0,000000000	0,000000000	0,000000000	0,000000000
K00126DC	15	 662,173000	adjusted	4,000000000	0,000000000	0,000000000	0,000000000	0,000000000	0,000000000
K00127DC	15	 667,174000	adjusted	4,000000000	0,000000000	0,000000000	0,000000000	0,000000000	0,000000000
K00128DC	15	 672,176000	adjusted	4,000000000	0,000000000	0,000000000	0,000000000	0,000000000	0,000000000
K00129DC	15	 677,171000	adjusted	4,000000000	0,000000000	0,000000000	0,000000000	0,000000000	0,000000000
K00130DC	15	 682,171000	adjusted	4,000000000	0,000000000	0,000000000	0,000000000	0,000000000	0,000000000
K00131DC	15	 687,172000	adjusted	4,000000000	0,000000000	0,000000000	0,000000000	0,000000000	0,000000000
K00132DC	15	 692,172000	adjusted	4,000000000	0,000000000	0,000000000	0,000000000	0,000000000	0,000000000
K00133DC	15	 697,173000	adjusted	4,000000000	0,000000000	0,000000000	0,000000000	0,000000000	0,000000000
K00134DC	15	 702,172000	adjusted	4,000000000	0,000000000	0,000000000	0,000000000	0,000000000	0,000000000
K00135DC	15	 707,172000	adjusted	4,000000000	0,000000000	0,000000000	0,000000000	0,000000000	0,000000000
K00136DC	15	 712,172000	adjusted	4,000000000	0,000000000	0,000000000	0,000000000	0,000000000	0,000000000
K00137DC	15	 717,171000	adjusted	4,000000000	0,000000000	0,000000000	0,000000000	0,000000000	0,000000000
K00138DC	15	 722,172000	adjusted	4,000000000	0,000000000	0,000000000	0,000000000	0,000000000	0,000000000
K00139DC	15	 727,172000	adjusted	4,000000000	0,000000000	0,000000000	0,000000000	0,000000000	0,000000000
K00140DC	15	 732,171000	adjusted	4,000000000	0,000000000	0,000000000	0,000000000	0,000000000	0,000000000
K00141DC	15	 737,172000	adjusted	4,000000000	0,000000000	0,000000000	0,000000000	0,000000000	0,000000000
K00142DC	15	 742,174000	adjusted	4,000000000	0,000000000	0,000000000	0,000000000	0,000000000	0,000000000
K00143DC	15	 747,172000	adjusted	4,000000000	0,000000000	0,000000000	0,000000000	0,000000000	0,000000000
K00144DC	15	 752,172000	adjusted	4,000000000	0,000000000	0,000000000	0,000000000	0,000000000	0,000000000
K00145DC	15	 757,174000	adjusted	4,000000000	0,000000000	0,000000000	0,000000000	0,000000000	0,000000000
K00146DC	15	 762,172000	adjusted	4,000000000	0,000000000	0,000000000	0,000000000	0,000000000	0,000000000
K00147DC	15	 767,171000	adjusted	4,000000000	0,000000000	0,000000000	0,000000000	0,000000000	0,000000000
K00148DC	15	 772,170000	adjusted	4,000000000	0,000000000	0,000000000	0,000000000	0,000000000	0,000000000
K00149DC	15	 777,169000	adjusted	4,000000000	0,000000000	0,000000000	0,000000000	0,000000000	0,000000000
K00150DC	15	 782,172000	adjusted	4,000000000	0,000000000	0,000000000	0,000000000	0,000000000	0,000000000
K00151DC	15	 787,173000	adjusted	4,000000000	0,000000000	0,000000000	0,000000000	0,000000000	0,000000000
K00152DC	15	 792,172000	adjusted	4,000000000	0,000000000	0,000000000	0,000000000	0,000000000	0,000000000
K00153DC	15	 797,170000	adjusted	4,000000000	0,000000000	0,000000000	0,000000000	0,000000000	0,000000000
K00154DC	15	 802,173000	adjusted	4,000000000	0,000000000	0,000000000	0,000000000	0,000000000	0,000000000
K00155DC	15	 807,176000	adjusted	4,000000000	0,000000000	0,000000000	0,000000000	0,000000000	0,000000000
K00156DC	15	 812,170000	adjusted	4,000000000	0,000000000	0,000000000	0,000000000	0,000000000	0,000000000
K00157DC	15	 817,173000	adjusted	4,000000000	0,000000000	0,000000000	0,000000000	0,000000000	0,000000000
K00158DC	15	 822,173000	adjusted	4,000000000	0,000000000	0,000000000	0,000000000	0,000000000	0,000000000
K00159DC	15	 827,173000	adjusted	4,000000000	0,000000000	0,000000000	0,000000000	0,000000000	0,000000000
K00160DC	15	 832,167000	adjusted	4,000000000	0,000000000	0,000000000	0,000000000	0,000000000	0,000000000
K00161DC	15	 837,173000	adjusted	4,000000000	0,000000000	0,000000000	0,000000000	0,000000000	0,000000000
K00162DC	15	 842,172000	adjusted	4,000000000	0,000000000	0,000000000	0,000000000	0,000000000	0,000000000
K00163DC	15	 847,176000	adjusted	4,000000000	0,000000000	0,000000000	0,000000000	0,000000000	0,000000000
K00164DC	15	 852,173000	adjusted	4,000000000	0,000000000	0,000000000	0,000000000	0,000000000	0,000000000
K00165DC	15	 857,173000	adjusted	4,000000000	0,000000000	0,000000000	0,000000000	0,000000000	0,000000000
K00166DC	15	 862,173000	adjusted	4,000000000	0,000000000	0,000000000	0,000000000	0,000000000	0,000000000
K00167DC	15	 867,169000	adjusted	4,000000000	0,000000000	0,000000000	0,000000000	0,000000000	0,000000000
K00168DC	15	 872,176000	adjusted	4,000000000	0,000000000	0,000000000	0,000000000	0,000000000	0,000000000
K00169DC	15	 877,175000	adjusted	4,000000000	0,000000000	0,000000000	0,000000000	0,000000000	0,000000000
K00170DC	15	 882,173000	adjusted	4,000000000	0,000000000	0,000000000	0,000000000	0,000000000	0,000000000
K00171DC	15	 887,177000	adjusted	4,000000000	0,000000000	0,000000000	0,000000000	0,000000000	0,000000000
K00172DC	15	 892,174000	adjusted	4,000000000	0,000000000	0,000000000	0,000000000	0,000000000	0,000000000
K00173DC	15	 897,170000	adjusted	4,000000000	0,000000000	0,000000000	0,000000000	0,000000000	0,000000000
K00174DC	15	 902,173000	adjusted	4,000000000	0,000000000	0,000000000	0,000000000	0,000000000	0,000000000
K00175DC	15	 907,170000	adjusted	4,000000000	0,000000000	0,000000000	0,000000000	0,000000000	0,000000000
K00176DC	15	 912,169000	adjusted	4,000000000	0,000000000	0,000000000	0,000000000	0,000000000	0,000000000
K00177DC	15	 917,173000	adjusted	4,000000000	0,000000000	0,000000000	0,000000000	0,000000000	0,000000000
K00178DC	15	 922,172000	adjusted	4,000000000	0,000000000	0,000000000	0,000000000	0,000000000	0,000000000
K00179DC	15	 927,175000	adjusted	4,000000000	0,000000000	0,000000000	0,000000000	0,000000000	0,000000000
K00180DC	15	 932,173000	adjusted	4,000000000	0,000000000	0,000000000	0,000000000	0,000000000	0,000000000
K00181DC	15	 937,173000	adjusted	4,000000000	0,000000000	0,000000000	0,000000000	0,000000000	0,000000000
K00182DC	15	 942,175000	adjusted	4,000000000	0,000000000	0,000000000	0,000000000	0,000000000	0,000000000
K00183DC	15	 947,175000	adjusted	4,000000000	0,000000000	0,000000000	0,000000000	0,000000000	0,000000000
K00184DC	15	 952,178000	adjusted	4,000000000	0,000000000	0,000000000	0,000000000	0,000000000	0,000000000
K00185DC	15	 1053,574000	adjusted	4,000000000	0,000000000	0,000000000	0,000000000	0,000000000	0,000000000
K00186DC	15	 1058,574000	adjusted	4,000000000	0,000000000	0,000000000	0,000000000	0,000000000	0,000000000
K00187DC	15	 1063,577000	adjusted	4,000000000	0,000000000	0,000000000	0,000000000	0,000000000	0,000000000
K00188DC	15	 1068,571000	adjusted	4,000000000	0,000000000	0,000000000	0,000000000	0,000000000	0,000000000
K00189DC	15	 1073,577000	adjusted	4,000000000	0,000000000	0,000000000	0,000000000	0,000000000	0,000000000
K00190DC	15	 1078,578000	adjusted	4,000000000	0,000000000	0,000000000	0,000000000	0,000000000	0,000000000
K00191DC	15	 1083,577000	adjusted	4,000000000	0,000000000	0,000000000	0,000000000	0,000000000	0,000000000
K00192DC	15	 1088,578000	adjusted	4,000000000	0,000000000	0,000000000	0,000000000	0,000000000	0,000000000
K00193DC	15	 1093,581000	adjusted	4,000000000	0,000000000	0,000000000	0,000000000	0,000000000	0,000000000
K00194DC	15	 1098,578000	adjusted	4,000000000	0,000000000	0,000000000	0,000000000	0,000000000	0,000000000
K00195DC	15	 1103,571000	adjusted	4,000000000	0,000000000	0,000000000	0,000000000	0,000000000	0,000000000
K00196DC	15	 1108,577000	adjusted	4,000000000	0,000000000	0,000000000	0,000000000	0,000000000	0,000000000
K00197DC	15	 1113,578000	adjusted	4,000000000	0,000000000	0,000000000	0,000000000	0,000000000	0,000000000
K00198DC	15	 1118,577000	adjusted	4,000000000	0,000000000	0,000000000	0,000000000	0,000000000	0,000000000
K00199DC	15	 1123,577000	adjusted	4,000000000	0,000000000	0,000000000	0,000000000	0,000000000	0,000000000
K00200DC	15	 1128,574000	adjusted	4,000000000	0,000000000	0,000000000	0,000000000	0,000000000	0,000000000
K00201DC	15	 1133,574000	adjusted	4,000000000	0,000000000	0,000000000	0,000000000	0,000000000	0,000000000
K00202DC	15	 1138,574000	adjusted	4,000000000	0,000000000	0,000000000	0,000000000	0,000000000	0,000000000
K00203DC	15	 1143,577000	adjusted	4,000000000	0,000000000	0,000000000	0,000000000	0,000000000	0,000000000
K00204DC	15	 1148,574000	adjusted	4,000000000	0,000000000	0,000000000	0,000000000	0,000000000	0,000000000
K00205DC	15	 1153,777000	adjusted	4,000000000	0,000000000	0,000000000	0,000000000	0,000000000	0,000000000
K00206DC	15	 1158,773000	adjusted	4,000000000	0,000000000	0,000000000	0,000000000	0,000000000	0,000000000
K00207DC	15	 1163,777000	adjusted	4,000000000	0,000000000	0,000000000	0,000000000	0,000000000	0,000000000
K00208DC	15	 1168,774000	adjusted	4,000000000	0,000000000	0,000000000	0,000000000	0,000000000	0,000000000
K00209DC	15	 1173,774000	adjusted	4,000000000	0,000000000	0,000000000	0,000000000	0,000000000	0,000000000
K00210DC	15	 1178,777000	adjusted	4,000000000	0,000000000	0,000000000	0,000000000	0,000000000	0,000000000
K00211DC	15	 1183,777000	adjusted	4,000000000	0,000000000	0,000000000	0,000000000	0,000000000	0,000000000
K00212DC	15	 1188,779000	adjusted	4,000000000	0,000000000	0,000000000	0,000000000	0,000000000	0,000000000
K00213DC	15	 1193,781000	adjusted	4,000000000	0,000000000	0,000000000	0,000000000	0,000000000	0,000000000
K00214DC	15	 1198,781000	adjusted	4,000000000	0,000000000	0,000000000	0,000000000	0,000000000	0,000000000
K00215DC	15	 1203,781000	adjusted	4,000000000	0,000000000	0,000000000	0,000000000	0,000000000	0,000000000
K00216DC	15	 1208,777000	adjusted	4,000000000	0,000000000	0,000000000	0,000000000	0,000000000	0,000000000
K00217DC	15	 1213,778000	adjusted	4,000000000	0,000000000	0,000000000	0,000000000	0,000000000	0,000000000
K00218DC	15	 1218,779000	adjusted	4,000000000	0,000000000	0,000000000	0,000000000	0,000000000	0,000000000
K00219DC	15	 1223,777000	adjusted	4,000000000	0,000000000	0,000000000	0,000000000	0,000000000	0,000000000
K00220DC	15	 1228,773000	adjusted	4,000000000	0,000000000	0,000000000	0,000000000	0,000000000	0,000000000
K00221DC	15	 1233,775000	adjusted	4,000000000	0,000000000	0,000000000	0,000000000	0,000000000	0,000000000
K00222DC	15	 1238,775000	adjusted	4,000000000	0,000000000	0,000000000	0,000000000	0,000000000	0,000000000
K00223DC	15	 1243,772000	adjusted	4,000000000	0,000000000	0,000000000	0,000000000	0,000000000	0,000000000
K00224DC	15	 1248,778000	adjusted	4,000000000	0,000000000	0,000000000	0,000000000	0,000000000	0,000000000
K00225DC	15	 1253,778000	adjusted	4,000000000	0,000000000	0,000000000	0,000000000	0,000000000	0,000000000
K00226DC	15	 1258,775000	adjusted	4,000000000	0,000000000	0,000000000	0,000000000	0,000000000	0,000000000
K00227DC	15	 1263,772000	adjusted	4,000000000	0,000000000	0,000000000	0,000000000	0,000000000	0,000000000
K00228DC	15	 1268,778000	adjusted	4,000000000	0,000000000	0,000000000	0,000000000	0,000000000	0,000000000
K00229DC	15	 1273,786000	adjusted	4,000000000	0,000000000	0,000000000	0,000000000	0,000000000	0,000000000
K00230DC	15	 1278,779000	adjusted	4,000000000	0,000000000	0,000000000	0,000000000	0,000000000	0,000000000
K00231DC	15	 1283,780000	adjusted	4,000000000	0,000000000	0,000000000	0,000000000	0,000000000	0,000000000
K00232DC	15	 1288,778000	adjusted	4,000000000	0,000000000	0,000000000	0,000000000	0,000000000	0,000000000
K00233DC	15	 1293,777000	adjusted	4,000000000	0,000000000	0,000000000	0,000000000	0,000000000	0,000000000
K00234DC	15	 1298,786000	adjusted	4,000000000	0,000000000	0,000000000	0,000000000	0,000000000	0,000000000
K00235DC	15	 1303,788000	adjusted	4,000000000	0,000000000	0,000000000	0,000000000	0,000000000	0,000000000
K00236DC	15	 1308,784000	adjusted	4,000000000	0,000000000	0,000000000	0,000000000	0,000000000	0,000000000
K00237DC	15	 1313,780000	adjusted	4,000000000	0,000000000	0,000000000	0,000000000	0,000000000	0,000000000
K00238DC	15	 1318,782000	adjusted	4,000000000	0,000000000	0,000000000	0,000000000	0,000000000	0,000000000
K00239DC	15	 1323,782000	adjusted	4,000000000	0,000000000	0,000000000	0,000000000	0,000000000	0,000000000
K00240DC	15	 1328,782000	adjusted	4,000000000	0,000000000	0,000000000	0,000000000	0,000000000	0,000000000
K00241DC	15	 1333,782000	adjusted	4,000000000	0,000000000	0,000000000	0,000000000	0,000000000	0,000000000
K00242DC	15	 1338,782000	adjusted	4,000000000	0,000000000	0,000000000	0,000000000	0,000000000	0,000000000
K00243DC	15	 1343,782000	adjusted	4,000000000	0,000000000	0,000000000	0,000000000	0,000000000	0,000000000
K00244DC	15	 1348,783000	adjusted	4,000000000	0,000000000	0,000000000	0,000000000	0,000000000	0,000000000
K00245DC	15	 1353,780000	adjusted	4,000000000	0,000000000	0,000000000	0,000000000	0,000000000	0,000000000
K00246DC	15	 1358,781000	adjusted	4,000000000	0,000000000	0,000000000	0,000000000	0,000000000	0,000000000
K00247DC	15	 1363,783000	adjusted	4,000000000	0,000000000	0,000000000	0,000000000	0,000000000	0,000000000
K00097DC	25	 517,166000	adjusted	4,000000000	0,000000000	0,000000000	0,000000000	0,000000000	0,000000000
K00098DC	25	 522,167000	adjusted	4,000000000	0,000000000	0,000000000	0,000000000	0,000000000	0,000000000
K00099DC	25	 527,162000	adjusted	4,000000000	0,000000000	0,000000000	0,000000000	0,000000000	0,000000000
K00100DC	25	 532,162000	adjusted	4,000000000	0,000000000	0,000000000	0,000000000	0,000000000	0,000000000
K00102DC	25	 542,162000	adjusted	4,000000000	0,000000000	0,000000000	0,000000000	0,000000000	0,000000000
K00103DC	25	 547,164000	adjusted	4,000000000	0,000000000	0,000000000	0,000000000	0,000000000	0,000000000
K00104DC	25	 552,162000	adjusted	4,000000000	0,000000000	0,000000000	0,000000000	0,000000000	0,000000000
K00105DC	25	 557,164000	adjusted	4,000000000	0,000000000	0,000000000	0,000000000	0,000000000	0,000000000
K00106DC	25	 562,163000	adjusted	4,000000000	0,000000000	0,000000000	0,000000000	0,000000000	0,000000000
K00107DC	25	 567,164000	adjusted	4,000000000	0,000000000	0,000000000	0,000000000	0,000000000	0,000000000
K00108DC	25	 572,165000	adjusted	4,000000000	0,000000000	0,000000000	0,000000000	0,000000000	0,000000000
K00109DC	25	 577,164000	adjusted	4,000000000	0,000000000	0,000000000	0,000000000	0,000000000	0,000000000
K00110DC	25	 582,151000	adjusted	4,000000000	0,000000000	0,000000000	0,000000000	0,000000000	0,000000000
K00111DC	25	 587,172000	adjusted	4,000000000	0,000000000	0,000000000	0,000000000	0,000000000	0,000000000
K00112DC	25	 592,171000	adjusted	4,000000000	0,000000000	0,000000000	0,000000000	0,000000000	0,000000000
K00113DC	25	 597,171000	adjusted	4,000000000	0,000000000	0,000000000	0,000000000	0,000000000	0,000000000
K00114DC	25	 602,171000	adjusted	4,000000000	0,000000000	0,000000000	0,000000000	0,000000000	0,000000000
K00115DC	25	 607,169000	adjusted	4,000000000	0,000000000	0,000000000	0,000000000	0,000000000	0,000000000
K00116DC	25	 612,169000	adjusted	4,000000000	0,000000000	0,000000000	0,000000000	0,000000000	0,000000000
K00117DC	25	 617,169000	adjusted	4,000000000	0,000000000	0,000000000	0,000000000	0,000000000	0,000000000
K00118DC	25	 622,172000	adjusted	4,000000000	0,000000000	0,000000000	0,000000000	0,000000000	0,000000000
K00119DC	25	 627,172000	adjusted	4,000000000	0,000000000	0,000000000	0,000000000	0,000000000	0,000000000
K00120DC	25	 632,172000	adjusted	4,000000000	0,000000000	0,000000000	0,000000000	0,000000000	0,000000000
K00121DC	25	 637,172000	adjusted	4,000000000	0,000000000	0,000000000	0,000000000	0,000000000	0,000000000
K00122DC	25	 642,169000	adjusted	4,000000000	0,000000000	0,000000000	0,000000000	0,000000000	0,000000000
K00123DC	25	 647,173000	adjusted	4,000000000	0,000000000	0,000000000	0,000000000	0,000000000	0,000000000
K00124DC	25	 652,172000	adjusted	4,000000000	0,000000000	0,000000000	0,000000000	0,000000000	0,000000000
K00125DC	25	 657,176000	adjusted	4,000000000	0,000000000	0,000000000	0,000000000	0,000000000	0,000000000
K00126DC	25	 662,173000	adjusted	4,000000000	0,000000000	0,000000000	0,000000000	0,000000000	0,000000000
K00127DC	25	 667,174000	adjusted	4,000000000	0,000000000	0,000000000	0,000000000	0,000000000	0,000000000
K00128DC	25	 672,176000	adjusted	4,000000000	0,000000000	0,000000000	0,000000000	0,000000000	0,000000000
K00129DC	25	 677,171000	adjusted	4,000000000	0,000000000	0,000000000	0,000000000	0,000000000	0,000000000
K00130DC	25	 682,171000	adjusted	4,000000000	0,000000000	0,000000000	0,000000000	0,000000000	0,000000000
K00131DC	25	 687,172000	adjusted	4,000000000	0,000000000	0,000000000	0,000000000	0,000000000	0,000000000
K00132DC	25	 692,172000	adjusted	4,000000000	0,000000000	0,000000000	0,000000000	0,000000000	0,000000000
K00133DC	25	 697,173000	adjusted	4,000000000	0,000000000	0,000000000	0,000000000	0,000000000	0,000000000
K00134DC	25	 702,172000	adjusted	4,000000000	0,000000000	0,000000000	0,000000000	0,000000000	0,000000000
K00135DC	25	 707,172000	adjusted	4,000000000	0,000000000	0,000000000	0,000000000	0,000000000	0,000000000
K00136DC	25	 712,172000	adjusted	4,000000000	0,000000000	0,000000000	0,000000000	0,000000000	0,000000000
K00137DC	25	 717,171000	adjusted	4,000000000	0,000000000	0,000000000	0,000000000	0,000000000	0,000000000
K00138DC	25	 722,172000	adjusted	4,000000000	0,000000000	0,000000000	0,000000000	0,000000000	0,000000000
K00139DC	25	 727,172000	adjusted	4,000000000	0,000000000	0,000000000	0,000000000	0,000000000	0,000000000
K00140DC	25	 732,171000	adjusted	4,000000000	0,000000000	0,000000000	0,000000000	0,000000000	0,000000000
K00141DC	25	 737,172000	adjusted	4,000000000	0,000000000	0,000000000	0,000000000	0,000000000	0,000000000
K00142DC	25	 742,174000	adjusted	4,000000000	0,000000000	0,000000000	0,000000000	0,000000000	0,000000000
K00143DC	25	 747,172000	adjusted	4,000000000	0,000000000	0,000000000	0,000000000	0,000000000	0,000000000
K00144DC	25	 752,172000	adjusted	4,000000000	0,000000000	0,000000000	0,000000000	0,000000000	0,000000000
K00145DC	25	 757,174000	adjusted	4,000000000	0,000000000	0,000000000	0,000000000	0,000000000	0,000000000
K00146DC	25	 762,172000	adjusted	4,000000000	0,000000000	0,000000000	0,000000000	0,000000000	0,000000000
K00147DC	25	 767,171000	adjusted	4,000000000	0,000000000	0,000000000	0,000000000	0,000000000	0,000000000
K00148DC	25	 772,170000	adjusted	4,000000000	0,000000000	0,000000000	0,000000000	0,000000000	0,000000000
K00149DC	25	 777,169000	adjusted	4,000000000	0,000000000	0,000000000	0,000000000	0,000000000	0,000000000
K00150DC	25	 782,172000	adjusted	4,000000000	0,000000000	0,000000000	0,000000000	0,000000000	0,000000000
K00151DC	25	 787,173000	adjusted	4,000000000	0,000000000	0,000000000	0,000000000	0,000000000	0,000000000
K00152DC	25	 792,172000	adjusted	4,000000000	0,000000000	0,000000000	0,000000000	0,000000000	0,000000000
K00153DC	25	 797,170000	adjusted	4,000000000	0,000000000	0,000000000	0,000000000	0,000000000	0,000000000
K00154DC	25	 802,173000	adjusted	4,000000000	0,000000000	0,000000000	0,000000000	0,000000000	0,000000000
K00155DC	25	 807,176000	adjusted	4,000000000	0,000000000	0,000000000	0,000000000	0,000000000	0,000000000
K00156DC	25	 812,170000	adjusted	4,000000000	0,000000000	0,000000000	0,000000000	0,000000000	0,000000000
K00157DC	25	 817,173000	adjusted	4,000000000	0,000000000	0,000000000	0,000000000	0,000000000	0,000000000
K00158DC	25	 822,173000	adjusted	4,000000000	0,000000000	0,000000000	0,000000000	0,000000000	0,000000000
K00159DC	25	 827,173000	adjusted	4,000000000	0,000000000	0,000000000	0,000000000	0,000000000	0,000000000
K00160DC	25	 832,167000	adjusted	4,000000000	0,000000000	0,000000000	0,000000000	0,000000000	0,000000000
K00161DC	25	 837,173000	adjusted	4,000000000	0,000000000	0,000000000	0,000000000	0,000000000	0,000000000
K00162DC	25	 842,172000	adjusted	4,000000000	0,000000000	0,000000000	0,000000000	0,000000000	0,000000000
K00163DC	25	 847,176000	adjusted	4,000000000	0,000000000	0,000000000	0,000000000	0,000000000	0,000000000
K00164DC	25	 852,173000	adjusted	4,000000000	0,000000000	0,000000000	0,000000000	0,000000000	0,000000000
K00165DC	25	 857,173000	adjusted	4,000000000	0,000000000	0,000000000	0,000000000	0,000000000	0,000000000
K00166DC	25	 862,173000	adjusted	4,000000000	0,000000000	0,000000000	0,000000000	0,000000000	0,000000000
K00167DC	25	 867,169000	adjusted	4,000000000	0,000000000	0,000000000	0,000000000	0,000000000	0,000000000
K00168DC	25	 872,176000	adjusted	4,000000000	0,000000000	0,000000000	0,000000000	0,000000000	0,000000000
K00169DC	25	 877,175000	adjusted	4,000000000	0,000000000	0,000000000	0,000000000	0,000000000	0,000000000
K00170DC	25	 882,173000	adjusted	4,000000000	0,000000000	0,000000000	0,000000000	0,000000000	0,000000000
K00171DC	25	 887,177000	adjusted	4,000000000	0,000000000	0,000000000	0,000000000	0,000000000	0,000000000
K00172DC	25	 892,174000	adjusted	4,000000000	0,000000000	0,000000000	0,000000000	0,000000000	0,000000000
K00173DC	25	 897,170000	adjusted	4,000000000	0,000000000	0,000000000	0,000000000	0,000000000	0,000000000
K00174DC	25	 902,173000	adjusted	4,000000000	0,000000000	0,000000000	0,000000000	0,000000000	0,000000000
K00175DC	25	 907,170000	adjusted	4,000000000	0,000000000	0,000000000	0,000000000	0,000000000	0,000000000
K00176DC	25	 912,169000	adjusted	4,000000000	0,000000000	0,000000000	0,000000000	0,000000000	0,000000000
K00177DC	25	 917,173000	adjusted	4,000000000	0,000000000	0,000000000	0,000000000	0,000000000	0,000000000
K00178DC	25	 922,172000	adjusted	4,000000000	0,000000000	0,000000000	0,000000000	0,000000000	0,000000000
K00179DC	25	 927,175000	adjusted	4,000000000	0,000000000	0,000000000	0,000000000	0,000000000	0,000000000
K00180DC	25	 932,173000	adjusted	4,000000000	0,000000000	0,000000000	0,000000000	0,000000000	0,000000000
K00181DC	25	 937,173000	adjusted	4,000000000	0,000000000	0,000000000	0,000000000	0,000000000	0,000000000
K00182DC	25	 942,175000	adjusted	4,000000000	0,000000000	0,000000000	0,000000000	0,000000000	0,000000000
K00183DC	25	 947,175000	adjusted	4,000000000	0,000000000	0,000000000	0,000000000	0,000000000	0,000000000
K00184DC	25	 952,178000	adjusted	4,000000000	0,000000000	0,000000000	0,000000000	0,000000000	0,000000000
K00185DC	25	 1053,574000	adjusted	4,000000000	0,000000000	0,000000000	0,000000000	0,000000000	0,000000000
K00186DC	25	 1058,574000	adjusted	4,000000000	0,000000000	0,000000000	0,000000000	0,000000000	0,000000000
K00187DC	25	 1063,577000	adjusted	4,000000000	0,000000000	0,000000000	0,000000000	0,000000000	0,000000000
K00188DC	25	 1068,571000	adjusted	4,000000000	0,000000000	0,000000000	0,000000000	0,000000000	0,000000000
K00189DC	25	 1073,577000	adjusted	4,000000000	0,000000000	0,000000000	0,000000000	0,000000000	0,000000000
K00190DC	25	 1078,578000	adjusted	4,000000000	0,000000000	0,000000000	0,000000000	0,000000000	0,000000000
K00191DC	25	 1083,577000	adjusted	4,000000000	0,000000000	0,000000000	0,000000000	0,000000000	0,000000000
K00192DC	25	 1088,578000	adjusted	4,000000000	0,000000000	0,000000000	0,000000000	0,000000000	0,000000000
K00193DC	25	 1093,581000	adjusted	4,000000000	0,000000000	0,000000000	0,000000000	0,000000000	0,000000000
K00194DC	25	 1098,578000	adjusted	4,000000000	0,000000000	0,000000000	0,000000000	0,000000000	0,000000000
K00195DC	25	 1103,571000	adjusted	4,000000000	0,000000000	0,000000000	0,000000000	0,000000000	0,000000000
K00196DC	25	 1108,577000	adjusted	4,000000000	0,000000000	0,000000000	0,000000000	0,000000000	0,000000000
K00197DC	25	 1113,578000	adjusted	4,000000000	0,000000000	0,000000000	0,000000000	0,000000000	0,000000000
K00198DC	25	 1118,577000	adjusted	4,000000000	0,000000000	0,000000000	0,000000000	0,000000000	0,000000000
K00199DC	25	 1123,577000	adjusted	4,000000000	0,000000000	0,000000000	0,000000000	0,000000000	0,000000000
K00200DC	25	 1128,574000	adjusted	4,000000000	0,000000000	0,000000000	0,000000000	0,000000000	0,000000000
K00201DC	25	 1133,574000	adjusted	4,000000000	0,000000000	0,000000000	0,000000000	0,000000000	0,000000000
K00202DC	25	 1138,574000	adjusted	4,000000000	0,000000000	0,000000000	0,000000000	0,000000000	0,000000000
K00203DC	25	 1143,577000	adjusted	4,000000000	0,000000000	0,000000000	0,000000000	0,000000000	0,000000000
K00204DC	25	 1148,574000	adjusted	4,000000000	0,000000000	0,000000000	0,000000000	0,000000000	0,000000000
K00205DC	25	 1153,777000	adjusted	4,000000000	0,000000000	0,000000000	0,000000000	0,000000000	0,000000000
K00206DC	25	 1158,773000	adjusted	4,000000000	0,000000000	0,000000000	0,000000000	0,000000000	0,000000000
K00207DC	25	 1163,777000	adjusted	4,000000000	0,000000000	0,000000000	0,000000000	0,000000000	0,000000000
K00208DC	25	 1168,774000	adjusted	4,000000000	0,000000000	0,000000000	0,000000000	0,000000000	0,000000000
K00209DC	25	 1173,774000	adjusted	4,000000000	0,000000000	0,000000000	0,000000000	0,000000000	0,000000000
K00210DC	25	 1178,777000	adjusted	4,000000000	0,000000000	0,000000000	0,000000000	0,000000000	0,000000000
K00211DC	25	 1183,777000	adjusted	4,000000000	0,000000000	0,000000000	0,000000000	0,000000000	0,000000000
K00212DC	25	 1188,779000	adjusted	4,000000000	0,000000000	0,000000000	0,000000000	0,000000000	0,000000000
K00213DC	25	 1193,781000	adjusted	4,000000000	0,000000000	0,000000000	0,000000000	0,000000000	0,000000000
K00214DC	25	 1198,781000	adjusted	4,000000000	0,000000000	0,000000000	0,000000000	0,000000000	0,000000000
K00215DC	25	 1203,781000	adjusted	4,000000000	0,000000000	0,000000000	0,000000000	0,000000000	0,000000000
K00216DC	25	 1208,777000	adjusted	4,000000000	0,000000000	0,000000000	0,000000000	0,000000000	0,000000000
K00217DC	25	 1213,778000	adjusted	4,000000000	0,000000000	0,000000000	0,000000000	0,000000000	0,000000000
K00218DC	25	 1218,779000	adjusted	4,000000000	0,000000000	0,000000000	0,000000000	0,000000000	0,000000000
K00219DC	25	 1223,777000	adjusted	4,000000000	0,000000000	0,000000000	0,000000000	0,000000000	0,000000000
K00220DC	25	 1228,773000	adjusted	4,000000000	0,000000000	0,000000000	0,000000000	0,000000000	0,000000000
K00221DC	25	 1233,775000	adjusted	4,000000000	0,000000000	0,000000000	0,000000000	0,000000000	0,000000000
K00222DC	25	 1238,775000	adjusted	4,000000000	0,000000000	0,000000000	0,000000000	0,000000000	0,000000000
K00223DC	25	 1243,772000	adjusted	4,000000000	0,000000000	0,000000000	0,000000000	0,000000000	0,000000000
K00224DC	25	 1248,778000	adjusted	4,000000000	0,000000000	0,000000000	0,000000000	0,000000000	0,000000000
K00225DC	25	 1253,778000	adjusted	4,000000000	0,000000000	0,000000000	0,000000000	0,000000000	0,000000000
K00226DC	25	 1258,775000	adjusted	4,000000000	0,000000000	0,000000000	0,000000000	0,000000000	0,000000000
K00227DC	25	 1263,772000	adjusted	4,000000000	0,000000000	0,000000000	0,000000000	0,000000000	0,000000000
K00228DC	25	 1268,778000	adjusted	4,000000000	0,000000000	0,000000000	0,000000000	0,000000000	0,000000000
K00229DC	25	 1273,786000	adjusted	4,000000000	0,000000000	0,000000000	0,000000000	0,000000000	0,000000000
K00230DC	25	 1278,779000	adjusted	4,000000000	0,000000000	0,000000000	0,000000000	0,000000000	0,000000000
K00231DC	25	 1283,780000	adjusted	4,000000000	0,000000000	0,000000000	0,000000000	0,000000000	0,000000000
K00232DC	25	 1288,778000	adjusted	4,000000000	0,000000000	0,000000000	0,000000000	0,000000000	0,000000000
K00233DC	25	 1293,777000	adjusted	4,000000000	0,000000000	0,000000000	0,000000000	0,000000000	0,000000000
K00234DC	25	 1298,786000	adjusted	4,000000000	0,000000000	0,000000000	0,000000000	0,000000000	0,000000000
K00235DC	25	 1303,788000	adjusted	4,000000000	0,000000000	0,000000000	0,000000000	0,000000000	0,000000000
K00236DC	25	 1308,784000	adjusted	4,000000000	0,000000000	0,000000000	0,000000000	0,000000000	0,000000000
K00237DC	25	 1313,780000	adjusted	4,000000000	0,000000000	0,000000000	0,000000000	0,000000000	0,000000000
K00238DC	25	 1318,782000	adjusted	4,000000000	0,000000000	0,000000000	0,000000000	0,000000000	0,000000000
K00239DC	25	 1323,782000	adjusted	4,000000000	0,000000000	0,000000000	0,000000000	0,000000000	0,000000000
K00240DC	25	 1328,782000	adjusted	4,000000000	0,000000000	0,000000000	0,000000000	0,000000000	0,000000000
K00241DC	25	 1333,782000	adjusted	4,000000000	0,000000000	0,000000000	0,000000000	0,000000000	0,000000000
K00242DC	25	 1338,782000	adjusted	4,000000000	0,000000000	0,000000000	0,000000000	0,000000000	0,000000000
K00243DC	25	 1343,782000	adjusted	4,000000000	0,000000000	0,000000000	0,000000000	0,000000000	0,000000000
K00244DC	25	 1348,783000	adjusted	4,000000000	0,000000000	0,000000000	0,000000000	0,000000000	0,000000000
K00245DC	25	 1353,780000	adjusted	4,000000000	0,000000000	0,000000000	0,000000000	0,000000000	0,000000000
K00246DC	25	 1358,781000	adjusted	4,000000000	0,000000000	0,000000000	0,000000000	0,000000000	0,000000000
K00247DC	25	 1363,783000	adjusted	4,000000000	0,000000000	0,000000000	0,000000000	0,000000000	0,000000000
